tip	date	distance	residual
HOUSE4151_4110_42.9946695836571	42.9946695836571	0.10874467997498978	-0.004365979748918683
HOUSE2210_12285_41.7830246404235	41.7830246404235	0.10869547536798979	-0.0014273552478776957
HOUSE615_12834_43.4064611600773	43.4064611600773	0.11288505850498978	-0.0012410495689863105
HOUSE622_11712_42.1960130159277	42.1960130159277	0.10897936518198979	-0.0021618650042344173
HOUSE2484_7072_42.3593939336596	42.3593939336596	0.10997311470198978	-0.001571001052670884
HOUSE3301_9471_43.0570005920935	43.0570005920935	0.11834390089198978	0.005079537393407191
HOUSE1360_7370_44.036116655916	44.036116655916	0.11776420537898978	0.0020854122308829187
HOUSE3979_11562_41.132101601828	41.132101601828	0.11337883676598978	0.00486113545196197
HOUSE1069_9595_43.4556347150268	43.4556347150268	0.11865166961398978	0.004404303097394466
HOUSE479_13605_43.6650916747134	43.6650916747134	0.11966707572998977	0.0049032034461494595
HOUSE6019_11850_43.5409988301841	43.5409988301841	0.11521273239198977	7.54864119518292E-4
HOUSE5258_12687_43.3518179639329	43.3518179639329	0.10839335952198978	-0.005598002368371741
HOUSE1232_1216_40.4223591508706	40.4223591508706	0.09929540140198978	-0.007472126178366928
HOUSE4237_4186_43.8026444532443	43.8026444532443	0.10842488312298978	-0.006678184399424053
HOUSE559_531_42.6095057453495	42.6095057453495	0.10411222758298978	-0.008048645874003724
HOUSE1791_9488_41.3264937675925	41.3264937675925	0.10276966765498978	-0.006227390730174948
HOUSE4561_4509_41.3864750764333	41.3864750764333	0.10366589838498978	-0.005479069584986687
HOUSE3408_10198_41.7446867469698	41.7446867469698	0.09875993316498978	-0.01126835896859242
HOUSE3886_3843_41.7398587541082	41.7398587541082	0.11135493620098978	0.001338549549855933
HOUSE5318_5298_44.8873954226327	44.8873954226327	0.11087759955098977	-0.0069003856850776285
HOUSE1439_1425_41.6989371346406	41.6989371346406	0.10821208108098979	-0.0017033958057149218
HOUSE2594_2604_23.1614698741539	23.1614698741539	0.06879355366598978	0.004590135067932044
HOUSE514_8061_40.4958148564173	40.4958148564173	0.11547975048898977	0.00853108643263012
HOUSE4513_4470_41.1799807798715	41.1799807798715	0.12104618743898979	0.012410419522508556
HOUSE2684_9879_42.3989088184507	42.3989088184507	0.12144590432598978	0.009804347713230327
HOUSE3940_3897_42.4910213056807	42.4910213056807	0.1251045570739898	0.013235857706170973
HOUSE1155_9734_40.9339345584158	40.9339345584158	0.11915998321598976	0.011130947549326628
HOUSE1843_1839_44.5574250088059	44.5574250088059	0.12789849460398978	0.010934192627799558
HOUSE6019_11028_44.6734501487773	44.6734501487773	0.12712209379898978	0.009871682189439568
HOUSE277_251_41.0515036490404	41.0515036490404	0.11829310907498979	0.009974156503926745
HOUSE2170_2190_40.5090056645647	40.5090056645647	0.11750000561898978	0.010518813980386274
HOUSE779_9519_42.7418302244041	42.7418302244041	0.11399811974498977	0.0015109436591332764
HOUSE3262_10530_40.0779467343818	40.0779467343818	0.10500986657798977	-9.083648047451404E-4
HOUSE4651_4618_41.2181754515041	41.2181754515041	0.11322202486498978	0.004492071640912254
HOUSE2186_6970_23.6644378111224	23.6644378111224	0.06912643013752978	0.0036827288552764292
HOUSE1741_1733_40.2859795918651	40.2859795918651	0.11224903686698977	0.005817811450409632
HOUSE999_14444_44.6878753736857	44.6878753736857	0.12082238308098979	0.0035363999064261936
HOUSE712_684_40.1103920124034	40.1103920124034	0.10549584678998979	-5.023923100494487E-4
HOUSE3706_11872_41.1247074860582	41.1247074860582	0.10880804887098978	3.085809135641715E-4
HOUSE806_8864_42.6587210339494	42.6587210339494	0.11190268875598978	-3.795460557971253E-4
HOUSE4251_14175_44.7828623481151	44.7828623481151	0.11931641906598979	0.0017962048580943552
HOUSE4251_4207_41.8099332635757	41.8099332635757	0.10873336641648977	-0.0014558189247949604
HOUSE5895_5875_44.6056160831358	44.6056160831358	0.1287408019339898	0.011657664241581947
HOUSE1446_11197_40.9132783148468	40.9132783148468	0.12262093973398978	0.014642840875294105
HOUSE739_8853_43.5475214869396	43.5475214869396	0.12455162132698978	0.010077668653040231
HOUSE1909_11404_42.9702642187476	42.9702642187476	0.12613563015198978	0.013085152299079236
HOUSE2245_2269_43.3324713172864	43.3324713172864	0.12720551389298979	0.013261859438966128
HOUSE3298_6399_44.9375025410889	44.9375025410889	0.1302367556359898	0.012335209856976587
HOUSE3192_3144_40.9165768999421	40.9165768999421	0.11969857154498979	0.011712338613174653
HOUSE5820_10126_41.1580134229887	41.1580134229887	0.11455722151598978	0.005975623518417281
HOUSE1022_995_40.0107734209813	40.0107734209813	0.11325207061598978	0.007499483782990632
HOUSE2070_2070_44.3290743196849	44.3290743196849	0.12774383609418977	0.01134263046037863
HOUSE2123_6949_44.8652568217177	44.8652568217177	0.12169563153418979	0.0039722384924731485
HOUSE2429_2444_42.4964339005119	42.4964339005119	0.11678375577618978	0.004901709339597202
HOUSE733_13813_44.5768268800205	44.5768268800205	0.12406035384918979	0.007048208256856772
HOUSE5989_7086_44.5363765185496	44.5363765185496	0.12181216808818979	0.004899770172029111
HOUSE5485_5473_44.6671587380767	44.6671587380767	0.12458605220818979	0.007351154764011908
HOUSE2690_11412_44.6559112127926	44.6559112127926	0.12358294450998979	0.006375782652565207
HOUSE6019_11992_43.606579265245	43.606579265245	0.11852889843998977	0.003909313540970891
HOUSE4670_10817_41.7082972899768	41.7082972899768	0.11509188718298978	0.0051533288278025335
HOUSE2388_9264_42.8400826149015	42.8400826149015	0.11805911871298978	0.005329659313112856
HOUSE2278_2290_40.7563978560949	40.7563978560949	0.1066647416186537	-9.265013349689794E-4
HOUSE1177_9702_30.1554354128893	30.1554354128893	0.08448272397865371	0.0030326904097940227
HOUSE2444_10321_40.9694165507473	40.9694165507473	0.10936965481165371	0.0012531231090508604
HOUSE5799_8754_40.4716441848214	40.4716441848214	0.10677028008165372	-1.187808405052615E-4
HOUSE2383_2398_43.7487988995554	43.7487988995554	0.1217281374820537	0.006757849214444417
HOUSE4132_4092_40.3993746949553	40.3993746949553	0.11222181894405371	0.0055109693755186345
HOUSE598_11926_44.8123463992383	44.8123463992383	0.1193531017088537	0.0017601819557729187
HOUSE416_13098_44.467227392624	44.467227392624	0.1187820552748537	0.0020401741197210027
HOUSE1318_6427_43.805819960529	43.805819960529	0.1169503954678537	0.0018394973733312364
HOUSE1739_11395_40.4096355717882	40.4096355717882	0.11046423612585372	0.0037280839745392758
HOUSE3723_14040_44.8552428759874	44.8552428759874	0.11707857249205371	-6.201268811865113E-4
HOUSE2381_2396_40.2988103342387	40.2988103342387	0.11246226992905371	0.005999404826478344
HOUSE2_10583_42.0834010152612	42.0834010152612	0.11869205227205372	0.007828515163644967
HOUSE80_9883_43.2160610019451	43.2160610019451	0.11747842569615373	0.0038218306901930676
HOUSE4892_11420_40.1045875430724	40.1045875430724	0.1120275049738537	0.006043579276862748
HOUSE3501_3447_40.0205013575032	40.0205013575032	0.10973685577385371	0.003960280550473691
HOUSE841_826_40.3527500805868	40.3527500805868	0.10840421053615372	0.0018083339064645654
HOUSE2816_8929_40.0748748903697	40.0748748903697	0.09589382994634629	-0.010016826490439348
HOUSE2161_11026_43.3602519214719	43.3602519214719	0.10662314435534628	-0.007389015066479987
HOUSE3812_12136_40.253695237916	40.253695237916	0.1005680395973463	-0.00578357492909469
HOUSE844_831_44.3930627044039	44.3930627044039	0.11416608462434628	-0.0023929117546065276
HOUSE4995_11419_44.5639675231367	44.5639675231367	0.1078163690073853	-0.00916406633763256
HOUSE6019_10215_44.1456558811478	44.1456558811478	0.10745536210738528	-0.008493546875766783
HOUSE744_12078_43.6902924319968	43.6902924319968	0.1079971793513463	-0.006828836183762885
HOUSE5516_5506_40.0022900120748	40.0022900120748	0.10897154277534629	0.003239875417320237
HOUSE5742_12521_44.992281217128	44.992281217128	0.1214214332773463	0.003384807231062048
HOUSE1387_1369_24.4870165079197	24.4870165079197	0.06314783019934629	-0.00432429086683013
HOUSE3654_11422_42.2716017694462	42.2716017694462	0.1146828408502463	0.0033552142454471995
HOUSE647_609_32.9364929009627	32.9364929009627	0.08531872689924629	-0.002989194007322532
HOUSE3086_3062_40.2527529393434	40.2527529393434	0.10044440919924628	-0.005904881686825139
HOUSE3414_7002_42.2146436036564	42.2146436036564	0.1022435562252463	-0.00894361564763009
HOUSE6019_6165_40.4195173236076	40.4195173236076	0.09831815162724629	-0.00844236821188736
HOUSE966_10629_40.7167370198295	40.7167370198295	0.10466451120024628	-0.0028289309894605624
HOUSE1570_1553_40.3881500114221	40.3881500114221	0.1092588956942463	0.0025757253863529783
HOUSE6019_6111_42.0749200694263	42.0749200694263	0.1110947038782463	2.520801710536036E-4
HOUSE6019_6141_42.8502583169013	42.8502583169013	0.1133395125142853	5.849605666289753E-4
HOUSE4490_6607_43.845855013933	43.845855013933	0.1146722466302853	-5.373750206473377E-4
HOUSE150_132_44.1577740294505	44.1577740294505	0.1147702324642853	-0.001208558999239051
HOUSE6019_6095_43.9051186032946	43.9051186032946	0.1146901450504853	-6.65616340748687E-4
HOUSE1762_1761_44.0080052746586	44.0080052746586	0.1134325349437853	-0.0021769375640984107
HOUSE1762_7001_44.3753389491776	44.3753389491776	0.1147692933795853	-0.0017459974963117963
HOUSE795_12322_44.1845502130484	44.1845502130484	0.1152823369588853	-7.624826436601478E-4
HOUSE125_9298_40.8822511430965	40.8822511430965	0.10654464554124628	-0.0013569425480086938
HOUSE5204_9508_44.375710466411	44.375710466411	0.1142376392712463	-0.0022785677393734882
HOUSE5961_8858_42.3403950256761	42.3403950256761	0.11361254437124631	0.0021152785544416852
HOUSE395_381_32.5792133552022	32.5792133552022	0.08938499050624629	0.0019580952107628447
HOUSE847_835_31.8718714860734	31.8718714860734	0.0887439419162463	0.003061300692652022
HOUSE400_11823_42.0337380398745	42.0337380398745	0.10880532578024629	-0.0019357460100171003
HOUSE1303_11606_44.5653596922535	44.5653596922535	0.1152886260752463	-0.0016952422584814303
HOUSE426_410_41.3456991517196	41.3456991517196	0.10635236309620628	-0.0026920543821040976
HOUSE1670_6517_44.750156339092	44.750156339092	0.1169565743852063	-4.8298916152574034E-4
HOUSE3202_13323_43.1871984117484	43.1871984117484	0.1169983843062463	0.003412962367614278
HOUSE600_10185_41.6148903945246	41.6148903945246	0.10680953087624628	-0.002898692806492284
HOUSE4520_4476_43.322560894303	43.322560894303	0.11641667284624631	0.002497456781065971
HOUSE1273_11605_41.1546697764286	41.1546697764286	0.1132402589512463	0.004666906145117944
HOUSE128_11191_44.6860880044675	44.6860880044675	0.12638923135524632	0.009107655704360992
HOUSE1859_1849_43.3809230991623	43.3809230991623	0.1224119955162463	0.008348862459985479
HOUSE5401_5383_44.605111559927	44.605111559927	0.12700943631024633	0.00992754273571092
HOUSE1843_1838_40.6128786306363	40.6128786306363	0.1153595377042463	0.008122202817325314
HOUSE1608_12396_42.8992375436357	42.8992375436357	0.1167610868502463	0.0038857556593441533
HOUSE3470_3419_43.6924650992775	43.6924650992775	0.12055862751124631	0.005727254335204768
HOUSE1251_9296_40.0356849694267	40.0356849694267	0.10874525380824629	0.002931236892129818
HOUSE4935_8314_42.6356806796813	42.6356806796813	0.1106167725682463	-0.0016086463904095016
HOUSE6019_6936_40.655809607124	40.655809607124	0.10583476177924629	-0.0015084378017031497
HOUSE2443_6794_41.252397498828	41.252397498828	0.1092017110192463	3.8736869281488784E-4
HOUSE6019_7075_40.2858256490435	40.2858256490435	0.10623814435024628	-1.9270145443028852E-4
HOUSE2620_13235_43.0106538745734	43.0106538745734	0.1130270803502463	-1.2299548309076258E-4
HOUSE362_12890_44.0554306528065	44.0554306528065	0.11778254320024631	0.0020561231277468617
HOUSE885_10855_42.0032999174091	42.0032999174091	0.1116323981002463	9.663845263391951E-4
HOUSE949_930_40.2624977784251	40.2624977784251	0.10717358193294631	8.002609759996948E-4
HOUSE6019_6171_44.041673664487	44.041673664487	0.1103031885029463	-0.005389307827808901
HOUSE570_10474_44.9130260063935	44.9130260063935	0.1172500034592463	-5.911849492061111E-4
HOUSE4749_6868_40.7577551085118	40.7577551085118	0.1090683213602463	0.0014737315199792878
HOUSE269_9846_40.818361547358	40.818361547358	0.10359178937024628	-0.004152251580373342
HOUSE5953_7223_44.5610755239613	44.5610755239613	0.1228313824102463	0.005858078526771643
HOUSE1989_8752_40.8347535005602	40.8347535005602	0.10945296204224629	0.0016684997163808335
HOUSE2823_2816_44.7074025711224	44.7074025711224	0.12081335914224631	0.0034792233061083366
HOUSE6019_11113_43.3357743563597	43.3357743563597	0.1166012885022463	0.002649488991914417
HOUSE970_8726_43.1351204798557	43.1351204798557	0.1146083548382463	0.0011513533264600473
HOUSE2982_7389_40.3765918599203	40.3765918599203	0.1105734483436463	0.003918779604372619
HOUSE2982_7754_43.8106167304852	43.8106167304852	0.1186451783536463	0.0035224517701099994
HOUSE5439_9844_40.1105642865878	40.1105642865878	0.1066024605736463	6.037966578839454E-4
HOUSE718_9711_44.0246176091023	44.0246176091023	0.1185809325646463	0.0029304952372578436
HOUSE4147_4105_44.3125682910498	44.3125682910498	0.1159238745306463	-4.3662842612275654E-4
HOUSE1664_1659_43.1225459871348	43.1225459871348	0.1149698030957463	0.001543809376779351
HOUSE5454_5441_44.5048122303817	44.5048122303817	0.12619387931024628	0.009359316653902688
HOUSE6019_11491_41.0337101656478	41.0337101656478	0.10436528024924628	-0.003909794874128195
HOUSE4034_3994_40.55933869211	40.55933869211	0.10461563796928527	-0.0024896712877967575
HOUSE4034_3995_41.567278623888	41.567278623888	0.1072886109002463	-0.002302205587432507
HOUSE1915_1911_40.5272682150826	40.5272682150826	0.10194374153384629	-0.0050824842381716195
HOUSE2027_2027_42.818848015739	42.818848015739	0.1092091058938463	-0.0034679905148510826
HOUSE2303_8583_43.8932312369276	43.8932312369276	0.11474779460384629	-5.786533986366083E-4
HOUSE2969_10222_42.7021570818033	42.7021570818033	0.1173509544252463	0.004961609449841836
HOUSE1534_8978_40.8550094660258	40.8550094660258	0.1171206830752463	0.009286270998368734
HOUSE2252_6715_42.2782730613835	42.2782730613835	0.10891861569769269	-0.002425461832230816
HOUSE5568_5563_44.6751969389152	44.6751969389152	0.1135078512876927	-0.0037468677804482625
HOUSE5259_5234_42.2509533639587	42.2509533639587	0.1118627596146927	5.860504897169799E-4
HOUSE2517_2535_42.7752738179052	42.7752738179052	0.11597527365969271	0.003405628082506995
HOUSE1732_10298_44.2538940464146	44.2538940464146	0.1119329615496927	-0.0042828549483968775
HOUSE2774_8082_42.9684104310857	42.9684104310857	0.11313037232969271	8.446578355589263E-5
HOUSE2734_8149_44.9823652841495	44.9823652841495	0.1267186804136927	0.008706506343502604
HOUSE850_10294_43.6946547484706	43.6946547484706	0.12381251617569271	0.008975743482546691
HOUSE995_6768_43.016439927186	43.016439927186	0.1151637388716927	0.00199939504960768
HOUSE5684_8429_40.2050221798361	40.2050221798361	0.10799676263169271	0.0017651723586608048
HOUSE5239_5211_16.8120365173258	16.8120365173258	0.0467993993257317	-0.0017467742113529694
HOUSE2014_2008_20.4699830892777	20.4699830892777	0.0564657720177317	-0.001100634141435096
HOUSE1673_11698_43.3164916970345	43.3164916970345	0.1209558907616927	0.007051640899575842
HOUSE1138_8822_40.6753803191125	40.6753803191125	0.1179481999922727	0.010556740446000176
HOUSE4141_13478_43.1337144698904	43.1337144698904	0.12422626663179269	0.01077273223925121
HOUSE135_12306_43.9987305446465	43.9987305446465	0.1237695685407927	0.00818296684869882
HOUSE4753_12391_44.7785845235921	44.7785845235921	0.1278831635197927	0.010373498118872684
HOUSE3357_3306_44.3860056751351	44.3860056751351	0.11926088922579271	0.0027192949724241106
HOUSE2384_7572_44.9900649671189	44.9900649671189	0.12226559104879271	0.0042344301153081215
HOUSE1782_7309_40.8148261159658	40.8148261159658	0.10831936426779269	5.840414361914376E-4
HOUSE485_8676_41.5166333710445	41.5166333710445	0.10634080201079271	-0.0031251269333239656
HOUSE6019_12986_42.4113753364047	42.4113753364047	0.1091417157879927	-0.002530582359592526
HOUSE4828_7182_42.067177395872	42.067177395872	0.1082483116949927	-0.0025752191372214184
HOUSE4056_9202_44.0877871815591	44.0877871815591	0.11886233343579271	0.0030561244952902328
HOUSE6019_7917_42.6824303520999	42.6824303520999	0.1109033780037927	-0.0014373222778477912
HOUSE4796_6271_43.9485983366476	43.9485983366476	0.1170699938869927	0.0016070146068487418
HOUSE4796_8282_43.9845336053986	43.9845336053986	0.1152708939009927	-2.806991620743077E-4
HOUSE2672_10027_44.4589249984381	44.4589249984381	0.11873591419799269	0.0020145061485776217
HOUSE4249_4203_43.7572093727067	43.7572093727067	0.1223441279716927	0.0073531000834262394
HOUSE5247_5220_42.7086252847175	42.7086252847175	0.1177383232056927	0.005333028108058385
HOUSE2376_10771_41.7114896655419	41.7114896655419	0.1154048764956927	0.005458445972433057
HOUSE1511_10174_42.8831564448774	42.8831564448774	0.11273082676669272	-1.0484959361929669E-4
HOUSE5778_9486_42.9881889428812	42.9881889428812	0.1135877558766927	4.930769458846573E-4
HOUSE1249_9894_40.0243447969286	40.0243447969286	0.10400547156669271	-0.001780581301317724
HOUSE3489_9167_42.4696022275186	42.4696022275186	0.1090257017651927	-0.002790179699528758
HOUSE3853_3812_40.0070986838546	40.0070986838546	0.10516455663219271	-5.789685638864228E-4
HOUSE914_12813_42.3573356692214	42.3573356692214	0.1131872298457927	0.0016481896228996845
HOUSE5681_5670_40.9529328171629	40.9529328171629	0.1089413497857927	8.654657822436684E-4
HOUSE809_9864_40.6197071063798	40.6197071063798	0.10860337052959271	0.001349197113609299
HOUSE94_14512_44.8266086426288	44.8266086426288	0.1208003041315927	0.0031722147141757945
HOUSE18_11477_42.9219433618709	42.9219433618709	0.11603714728459269	0.0031058251823068983
HOUSE1361_11388_44.8800416057549	44.8800416057549	0.1234463654055927	0.0056865141519641255
HOUSE2546_12589_41.0265615634669	41.0265615634669	0.11313079411659269	0.004873346931004094
HOUSE1748_1741_42.0245819611977	42.0245819611977	0.1132426479525927	0.0025241543924773707
HOUSE2477_2501_43.3802558732146	43.3802558732146	0.1163859964325927	0.002324508707432643
HOUSE5071_9118_40.1626721478533	40.1626721478533	0.10942453143859271	0.0032973732923082533
HOUSE2196_2221_40.0438846063288	40.0438846063288	0.1084532874495927	0.002619050819814825
HOUSE5428_5409_40.2287163090512	40.2287163090512	0.1059012822695927	-3.8873601847275174E-4
HOUSE4549_10391_44.8021579186886	44.8021579186886	0.1184350732235927	8.672775292744295E-4
HOUSE6019_11047_40.5710568059477	40.5710568059477	0.1073378340415927	2.0362876029901555E-4
HOUSE2600_2611_41.2788278411608	41.2788278411608	0.11037907074359271	0.0014995530977755245
HOUSE2826_10796_40.563956402859	40.563956402859	0.1065290175251927	-5.876786738028134E-4
HOUSE355_9760_41.9706978057426	41.9706978057426	0.10715686598519271	-0.003428753130944609
HOUSE2498_2522_40.2930868951834	40.2930868951834	0.1049045211197927	-0.0015442303945544938
HOUSE3351_12245_40.9810752463762	40.9810752463762	0.1152892724697927	0.007143991263998881
HOUSE511_487_42.2902740526479	42.2902740526479	0.10838199713219271	-0.002991673977290027
HOUSE5016_12784_44.9673788777519	44.9673788777519	0.11422880746119271	-0.0037464112108753916
HOUSE770_12183_40.097634507459	40.097634507459	0.10279992912419271	-0.003166850888073544
HOUSE4598_9984_40.0984958073688	40.0984958073688	0.10721588915219271	0.0012469852364218603
HOUSE6019_11869_42.4698800675295	42.4698800675295	0.12113919404669268	0.009322627448527965
HOUSE2077_2079_44.9704763120932	44.9704763120932	0.1280030259460927	0.010020169224167777
HOUSE2077_2078_40.6901834311429	40.6901834311429	0.11781692920209269	0.010388966248397871
HOUSE734_715_40.6611663491092	40.6611663491092	0.1061479596916927	-0.0012084492289375082
HOUSE713_686_40.9208970204729	40.9208970204729	0.10986152641969271	0.0018646403819951585
HOUSE2700_10487_44.7204945804994	44.7204945804994	0.11563992064539269	-0.0017264991423416587
HOUSE6019_6124_44.8092923196964	44.8092923196964	0.1165583892864317	-0.001026999326603037
HOUSE5611_5602_40.1645406277385	40.1645406277385	0.1073143101464317	0.0011825444634096932
HOUSE4305_4260_40.3783858602401	40.3783858602401	0.10637922468039271	-2.7986793437786983E-4
HOUSE5825_5806_42.685850671265	42.685850671265	0.10804203538739271	-0.004307099154810132
HOUSE634_597_43.2979773206171	43.2979773206171	0.1170427805373927	0.0031841857932095735
HOUSE2373_10937_44.8681491229217	44.8681491229217	0.1264916919213927	0.008761166673352097
HOUSE4949_9793_43.2141446112655	43.2141446112655	0.11461049493897271	9.586256143156863E-4
HOUSE2239_8632_43.295899885417	43.295899885417	0.1148979780589727	0.0010445061202744577
HOUSE1741_1732_41.0363740237276	41.0363740237276	0.1107379036343927	0.0024562596289748745
HOUSE2850_2842_43.325105661713	43.325105661713	0.11972450773739271	0.005799016459178019
HOUSE3087_8814_41.6750252293925	41.6750252293925	0.10961232198739271	-2.441898642759899E-4
HOUSE1863_9900_41.0873220104281	41.0873220104281	0.1046593425833927	-0.0037479354854609015
HOUSE835_10734_40.3267519223854	40.3267519223854	0.1043889914933927	-0.0021427755518316216
HOUSE4656_7416_40.4904327838525	40.4904327838525	0.1066940801926927	-2.4131206060244714E-4
HOUSE2494_11678_44.8537804856207	44.8537804856207	0.11175530388569271	-0.00593978933829617
HOUSE6019_12229_43.8788598565934	43.8788598565934	0.10902402392569271	-0.006266985288616286
HOUSE2232_6795_41.8276416382287	41.8276416382287	0.10492536927069271	-0.00530748364626242
HOUSE3775_3734_44.9773620111442	44.9773620111442	0.11316863167479271	-0.0048312046847469176
HOUSE1437_13342_43.5360774657685	43.5360774657685	0.1114396249247927	-0.0030061076177074486
HOUSE612_13131_41.7613106913817	41.7613106913817	0.10547492260169271	-0.004594362980739106
HOUSE3787_3742_44.6141226203839	44.6141226203839	0.1139487713031927	-0.0031553428970118036
HOUSE953_13619_44.2585425273681	44.2585425273681	0.11208242233319271	-0.004144856983917075
HOUSE6019_10315_44.0498343796935	44.0498343796935	0.1118647519456927	-0.0038478681206275955
HOUSE3826_8011_44.0809689718299	44.0809689718299	0.1103856507286927	-0.005403744997998727
HOUSE3826_3780_41.4049243845511	41.4049243845511	0.1133653595586927	0.0041748969245199025
HOUSE2185_11188_40.7898096408087	40.7898096408087	0.10656089803639271	-0.0011127359703821116
HOUSE1995_1985_44.2061028682614	44.2061028682614	0.11667523576639272	5.77268869369138E-4
HOUSE832_815_42.5010303880872	42.5010303880872	0.1087608630283927	-0.0031325180152965426
HOUSE1562_1543_44.2067966655078	44.2067966655078	0.11290008510819272	-0.003199592642839269
HOUSE3120_9993_40.0019545245046	40.0019545245046	0.1038397633781927	-0.0018910766916634542
HOUSE1261_10625_32.6495865719258	32.6495865719258	0.0861274762197317	-0.0014729543564686448
HOUSE1149_1112_32.1576586081646	32.1576586081646	0.0790996356137317	-0.007287736056563021
HOUSE4831_12405_44.22545941416	44.22545941416	0.11353855290773171	-0.00260714583647198
HOUSE3426_3376_40.6278913281858	40.6278913281858	0.0985330763727317	-0.008741278744397049
HOUSE1149_8375_40.1928362657782	40.1928362657782	0.0998421143527317	-0.006359426334459392
HOUSE6019_6125_21.3973686064128	21.3973686064128	0.0581523730443317	-0.0017008989643941888
HOUSE1987_11066_41.0449219415839	41.0449219415839	0.1051617504597317	-0.0031409720950803383
HOUSE1834_8028_44.8713309655432	44.8713309655432	0.1172403570197317	-4.980144229014827E-4
HOUSE4839_12897_44.9266993897135	44.9266993897135	0.11458691793773171	-0.0032879880485614937
HOUSE300_10726_41.243829596915	41.243829596915	0.1050566467037317	-0.0037365677940618958
HOUSE4304_9116_42.7068873195816	42.7068873195816	0.1112312673517317	-0.001169742049130812
HOUSE4304_9334_42.6010622642934	42.6010622642934	0.1104488032057317	-0.0016912492354902303
HOUSE432_11665_43.4975436035511	43.4975436035511	0.1107572073536317	-0.003593503461735148
HOUSE5007_9842_43.0749899808517	43.0749899808517	0.1113897235736317	-0.0019190004611523287
HOUSE956_7935_41.9273916786288	41.9273916786288	0.11053059996973172	5.177064203013004E-5
HOUSE2107_8600_41.1171290915556	41.1171290915556	0.1056973463417317	-0.0027834338410174103
HOUSE1024_11153_42.7370343036396	42.7370343036396	0.1107358212007317	-0.001739528490156489
HOUSE2469_2490_40.9725642718624	40.9725642718624	0.1143070612707317	0.006182767514711945
HOUSE4204_11604_42.1569648765017	42.1569648765017	0.11549325126273172	0.00444831097417378
HOUSE4204_12005_43.8505536144105	43.8505536144105	0.1193429483607317	0.0041217402996447106
HOUSE6019_7702_30.0563310689566	30.0563310689566	0.07758474998473171	-0.0036208994143354656
HOUSE5831_5814_40.7822115594528	40.7822115594528	0.1027274176137317	-0.004927480072005178
HOUSE5889_7266_44.5348364138044	44.5348364138044	0.1174370824517317	5.284823228789842E-4
HOUSE176_10916_44.0979199367575	44.0979199367575	0.11407411594173172	-0.0017570796428330177
HOUSE1496_1477_44.5010327128704	44.5010327128704	0.11567093724473171	-0.00115430539381485
HOUSE1496_11201_43.2308714551685	43.2308714551685	0.10869118000073172	-0.005001936515504096
HOUSE3507_12050_41.0672357457224	41.0672357457224	0.10639245162573172	-0.001965295161953526
HOUSE1699_7748_41.2751924943644	41.2751924943644	0.1032985959967317	-0.005571957145881171
HOUSE2351_11817_44.5311868981469	44.5311868981469	0.11316994147473172	-0.0037296592115263483
HOUSE2351_11164_42.7396594826132	42.7396594826132	0.10712190516073172	-0.005359918032311492
HOUSE5519_11693_44.8267053034548	44.8267053034548	0.11418909281893172	-0.003439234957115872
HOUSE1523_11793_44.9285066418815	44.9285066418815	0.11996130478893172	0.002081942249038987
HOUSE1666_10893_44.4383406523303	44.4383406523303	0.11278047938493171	-0.0038901691504736324
HOUSE6019_6043_43.9533876626588	43.9533876626588	0.11249853551293171	-0.0029762538999941884
HOUSE2442_11308_44.2317570070736	44.2317570070736	0.11554038722273172	-6.208409317360192E-4
HOUSE5902_5881_42.9766494599233	42.9766494599233	0.1072892460407317	-0.005776977356740529
HOUSE264_6989_44.2796594905667	44.2796594905667	0.1153756757197317	-9.036765067485797E-4
HOUSE1766_1767_42.2657679460351	42.2657679460351	0.11285914604973171	0.0015459052330268896
HOUSE1766_1766_40.1816985277748	40.1816985277748	0.1043413516467317	-0.0018327241812280542
HOUSE6019_6067_40.0755605602423	40.0755605602423	0.10307567295773169	-0.002836674291544286
HOUSE1832_1832_40.5861244890693	40.5861244890693	0.10581690185633172	-0.0013544592456277982
HOUSE1374_1355_42.3438656027429	42.3438656027429	0.1055087266703317	-0.005997097339398821
HOUSE4040_4001_41.7167350764223	41.7167350764223	0.1081217628603317	-0.0018376024681277942
HOUSE5822_14060_44.9887457732724	44.9887457732724	0.11499332621633171	-0.003034581680200321
HOUSE403_386_40.9596684767521	40.9596684767521	0.1054688018063317	-0.0026236918483324018
HOUSE4743_8532_42.4750898766321	42.4750898766321	0.11179630417973171	-3.310943221454532E-5
HOUSE2405_2427_40.6718819744961	40.6718819744961	0.12310415454173168	0.01572132166116119
HOUSE1137_6319_23.6711805340238	23.6711805340238	0.05853224163869271	-0.0069280867122945705
HOUSE2862_2859_44.9852730585965	44.9852730585965	0.1103808625716927	-0.0076384818607234395
HOUSE4804_4766_44.0358793665123	44.0358793665123	0.10699541403269269	-0.008682793976845835
HOUSE458_11229_43.9686693608661	43.9686693608661	0.1059813493576927	-0.009531123621676532
HOUSE1377_10212_40.0644650422322	40.0644650422322	0.0946021287321927	-0.011282857769312649
HOUSE5355_10026_40.5304481854495	40.5304481854495	0.1021434899421927	-0.004890577407572871
HOUSE3479_3429_44.2628034428954	44.2628034428954	0.1233261025436927	0.007088316115972285
HOUSE4706_4676_44.7843923208045	44.7843923208045	0.1183053608236927	7.813738134087173E-4
HOUSE796_7930_30.056567839574	30.056567839574	0.0801411496996927	-0.0010650835586531876
HOUSE865_7750_42.1290835573612	42.1290835573612	0.1083933873516927	-0.0025827996132420095
HOUSE1219_13756_44.955033970361	44.955033970361	0.1139823164916927	-0.003962460528433909
HOUSE254_8957_43.8903720711824	43.8903720711824	0.11334574254169269	-0.001973654964119609
HOUSE2504_2528_43.2274286037205	43.2274286037205	0.1200214489396927	0.006336822247004978
HOUSE124_106_41.7447758125899	41.7447758125899	0.1162521814966927	0.006223669733710191
HOUSE4098_4055_40.6027329597695	40.6027329597695	0.1100395192076927	0.0028272028139414568
HOUSE4098_10416_32.4538028180217	32.4538028180217	0.08534517000373171	-0.001772471945269763
HOUSE2984_2972_41.1471907271606	41.1471907271606	0.1046053736806927	-0.00394953632894797
HOUSE2687_11582_42.8174613144245	42.8174613144245	0.1138171528026927	0.001143475899498772
HOUSE4664_6321_40.4940916104461	40.4940916104461	0.10251245596969269	-0.004431958686294507
HOUSE6019_6059_42.0610878482241	42.0610878482241	0.1096684927557317	-0.0011400216908499516
HOUSE5388_10541_44.0582988388486	44.0582988388486	0.1153803205296927	-3.5317228287942704E-4
HOUSE1239_11737_41.7677373159449	41.7677373159449	0.10670580060439269	-0.003379332571051913
HOUSE936_11427_44.7443799551885	44.7443799551885	0.11229885039439269	-0.0051264690059312085
HOUSE3194_6247_44.2885960371556	44.2885960371556	0.1151943293333927	-0.0011070597729283121
HOUSE3194_6273_43.9953566344421	43.9953566344421	0.1120126002073927	-0.0035656816652912954
HOUSE3924_3886_40.6393851935553	40.6393851935553	0.1043221515533927	-0.002980546607386503
HOUSE5848_5829_42.5643061650594	42.5643061650594	0.1167660544197317	0.0047166398702475215
HOUSE3691_13955_44.79542324219	44.79542324219	0.1223656253387317	0.004814436871297956
HOUSE2294_10616_44.7883374407688	44.7883374407688	0.1291271827767317	0.011593467384936412
HOUSE6019_6058_44.679008515086	44.679008515086	0.12099922626673171	0.0037351081264498376
HOUSE5490_11809_42.6178987056371	42.6178987056371	0.1179981702966317	0.005816600404440778
HOUSE2555_2566_40.0512884101701	40.0512884101701	0.1144270329376317	0.008574539061165523
HOUSE4907_4878_41.5332977077924	41.5332977077924	0.11832544476763171	0.00881842277007587
HOUSE6019_13581_43.1231143074019	43.1231143074019	0.1252786109107707	0.011851215754983324
HOUSE440_10628_44.7441153734122	44.7441153734122	0.1303920379415317	0.012967370980800016
HOUSE409_12170_44.9988566210579	44.9988566210579	0.1289614235985317	0.010908583080038753
HOUSE5603_5598_40.5032138006189	40.5032138006189	0.1180117643147317	0.011044854995204995
HOUSE1847_10373_40.3180442361446	40.3180442361446	0.1159904025847317	0.009480108066223417
HOUSE3857_9031_43.1463515203766	43.1463515203766	0.12473571801473171	0.011251021566430167
HOUSE2915_7311_40.1786535652274	40.1786535652274	0.1162769486987317	0.010110381528966608
HOUSE2742_2746_40.0169168397519	40.0169168397519	0.1111506431687317	0.005382907107793974
HOUSE2166_8390_40.0153817059791	40.0153817059791	0.11334523856273171	0.00758128803104223
HOUSE1860_10310_40.2010930094784	40.2010930094784	0.1093472510255317	0.0031253498034307103
HOUSE1126_10815_43.3417340015811	43.3417340015811	0.1151072492795317	0.001140753713589182
HOUSE4386_6673_44.9672565309193	44.9672565309193	0.1184876375705317	5.127205969353704E-4
HOUSE2213_2236_43.1184996967204	43.1184996967204	0.11504762084773171	0.0016316049893147916
HOUSE6019_10067_44.009467212158	44.009467212158	0.1226036013719317	0.006990523831534756
HOUSE38_8381_44.3669693890774	44.3669693890774	0.1212618776299317	0.004767225486056334
HOUSE38_6237_43.6877735378221	43.6877735378221	0.1162933231279317	0.0014735190043232704
HOUSE5222_5192_44.3392325117327	44.3392325117327	0.1296437634487317	0.013217508445420884
HOUSE5222_5193_44.9070762660913	44.9070762660913	0.1309568684667317	0.01313035168907302
HOUSE2025_2022_41.2856659677345	41.2856659677345	0.12402051666873169	0.01512413669560031
HOUSE6019_6146_41.6284559876658	41.6284559876658	0.1222420882277317	0.012500412769964914
HOUSE681_11973_41.2502692777937	41.2502692777937	0.1210773328577317	0.01226823857099224
HOUSE2284_2296_40.085850384541	40.085850384541	0.1102325544889317	0.004294833274511925
HOUSE867_853_30.9726957455277	30.9726957455277	0.08692097987133168	0.003455641221275882
HOUSE235_213_42.6648021947959	42.6648021947959	0.1082445268393317	-0.004052703676839825
HOUSE2997_11114_42.2406145586269	42.2406145586269	0.1053995353703317	-0.005851679005802607
HOUSE4601_4551_44.0335628035521	44.0335628035521	0.1096972925323317	-0.005975202999899246
HOUSE1421_1408_40.1352881160062	40.1352881160062	0.1033922769293317	-0.002667354167956104
HOUSE6019_10749_41.9021895375888	41.9021895375888	0.1140156536211317	0.0035989709569430317
HOUSE3785_7179_44.8759266497508	44.8759266497508	0.1234687287129317	0.005719024644248685
HOUSE3435_6328_31.4491019302464	31.4491019302464	0.08694843994093168	0.0023083179734508102
HOUSE2187_2211_41.2321185889843	41.2321185889843	0.1066879023709317	-0.0020764336253047827
HOUSE236_215_40.2938858175185	40.2938858175185	0.10600794401133169	-4.4277758791637367E-4
HOUSE236_214_42.1129138002433	42.1129138002433	0.10867865355133169	-0.0022576599578876255
HOUSE2190_2213_44.9029389314819	44.9029389314819	0.1192642942283317	0.00144797981964645
HOUSE49_36_43.2075561722741	43.2075561722741	0.1163028829449317	0.0026672602360056086
HOUSE2507_2531_40.206862508665	40.206862508665	0.1127797126649317	0.006543584273638284
HOUSE726_8486_42.085502556059	42.085502556059	0.10874029645893168	-0.0021284228976286013
HOUSE239_8368_44.0930513054015	44.0930513054015	0.1154044845989317	-4.147052915862842E-4
HOUSE491_11802_44.5586329934791	44.5586329934791	0.1158666012199317	-0.0011006795594044466
HOUSE4827_4798_43.8921165571082	43.8921165571082	0.11628715580193169	9.634565195496131E-4
HOUSE5096_5062_22.2128823731655	22.2128823731655	0.06361846559903171	0.0017541954147106895
HOUSE1289_8935_40.4504083551001	40.4504083551001	0.1085393744990317	0.0017026796025215868
HOUSE5452_5438_43.741321937164	43.741321937164	0.1059333129184317	-0.009018537698777196
HOUSE3229_3184_41.730076194508	41.730076194508	0.1068244612684317	-0.0031678022957468133
HOUSE4616_4574_40.229875907405	40.229875907405	0.1063572220584317	6.43442843968195E-5
HOUSE2772_2769_31.2665035268292	31.2665035268292	0.0869086637154317	0.0027188162511033037
HOUSE5425_14105_44.8959401694357	44.8959401694357	0.11988924047943168	0.002090184513558968
HOUSE2967_13061_42.5224022419674	42.5224022419674	0.11516591956843168	0.003219837073320825
HOUSE2183_2204_42.8163105051499	42.8163105051499	0.11423064269943169	0.0015598036089713163
HOUSE1715_12852_44.5919480705601	44.5919480705601	0.12357424098863168	0.00652480763019625
HOUSE3871_3829_43.1898952648044	43.1898952648044	0.11706793297563169	0.0034758607917229206
HOUSE4309_4263_41.4901841684742	41.4901841684742	0.11885898472563168	0.00945827760888722
HOUSE6019_8925_41.9364087609574	41.9364087609574	0.11953203891533168	0.009030974112459386
HOUSE2201_9412_42.0762736016913	42.0762736016913	0.1109212779389317	7.531651872115519E-5
HOUSE561_11220_41.0356336564291	41.0356336564291	0.11206627682793169	0.0037864585149144786
HOUSE2421_2438_32.2307300814427	32.2307300814427	0.0876980081939317	0.0011304475367171912
HOUSE3022_12138_42.7533687069109	42.7533687069109	0.11917245769293168	0.0066568285407796746
HOUSE1725_1720_44.8071492108974	44.8071492108974	0.12404925124793167	0.006469147386743673
HOUSE2753_7962_30.9549904859159	30.9549904859159	0.0867183924399317	0.0032967136840792027
HOUSE5405_8509_40.1274808009028	40.1274808009028	0.1038788119073317	-0.0021615669135760934
HOUSE131_11512_44.5880756049883	44.5880756049883	0.12769960407733166	0.0106597199399118
HOUSE128_10568_43.5658168866779	43.5658168866779	0.13465688085243172	0.020137813041257682
HOUSE2408_11515_41.2273914611433	41.2273914611433	0.11092158287343169	0.002168903633771993
HOUSE4547_4495_43.5537808202207	43.5537808202207	0.12189889195343169	0.0074095042147144935
HOUSE4297_4254_40.9626746166032	40.9626746166032	0.11797525758743169	0.009875351008544087
HOUSE204_7243_41.0631096064373	41.0631096064373	0.12272270662343168	0.014375134597856984
HOUSE2812_9196_30.9416346922517	30.9416346922517	0.0860669171044317	0.0026781727732171773
HOUSE6019_13103_43.1574782018456	43.1574782018456	0.09747891000293168	-0.016033224039984223
HOUSE2876_12634_44.8973350419271	44.8973350419271	0.1017379117829317	-0.01606458383797782
HOUSE2115_13782_44.9884492261189	44.9884492261189	0.09957423845493169	-0.01845293817769167
HOUSE3943_3900_40.0774458504809	40.0774458504809	0.1016364274629317	-0.004280568776201782
HOUSE4654_12544_44.6604538487736	44.6604538487736	0.1063543724329317	-0.010863991237439044
HOUSE5541_5536_43.8460302853491	43.8460302853491	0.1081324742977317	-0.0070775795598814195
HOUSE17_10392_40.0352092223715	40.0352092223715	0.09476541774973168	-0.011047426008433253
HOUSE4116_4075_40.0365991692524	40.0365991692524	0.1006928191400317	-0.005123452126969533
HOUSE244_227_42.5494878564496	42.5494878564496	0.10452572088803169	-0.007487152780360606
HOUSE5651_5636_44.9142728031075	44.9142728031075	0.1121464956730317	-0.005697767246262114
HOUSE2034_2034_40.4329039596185	40.4329039596185	0.09711516601973169	-0.009678364299044104
HOUSE858_842_40.042677268151	40.042677268151	0.0980362373717317	-0.007795022049111311
HOUSE2921_6391_41.1365211335942	41.1365211335942	0.10217291116173169	-0.006355688399120596
HOUSE1245_1231_44.8058357507018	44.8058357507018	0.10832711795373168	-0.009249747009273668
HOUSE808_787_42.6186111982401	42.6186111982401	0.1049220314797317	-0.0072612953678696385
HOUSE2061_2063_44.9811513812184	44.9811513812184	0.1173053470657317	-7.038336073150048E-4
HOUSE1659_6362_44.690612318371	44.690612318371	0.11008105514573169	-0.007211677137177144
HOUSE2486_2508_40.2721408232682	40.2721408232682	0.0963715847977317	-0.010025515212833944
HOUSE1739_6841_30.4784372015856	30.4784372015856	0.0755789473677317	-0.00666758533365483
HOUSE5334_5312_40.6956678514252	40.6956678514252	0.1052282233657317	-0.0022132637731228783
HOUSE2813_11683_42.2662352374755	42.2662352374755	0.11099794203573168	-3.164510879879734E-4
HOUSE2180_6255_40.479971178253	40.479971178253	0.10836896753573169	0.0014593728478880102
HOUSE4454_10254_41.8989271711089	41.8989271711089	0.10837969092573169	-0.00202894697783286
HOUSE3745_10484_41.7034084899841	41.7034084899841	0.10287124083493168	-0.0070552620918042375
HOUSE1807_8866_42.4658057605848	42.4658057605848	0.10441208443493169	-0.007394435215938397
HOUSE4175_11018_42.6980912638828	42.6980912638828	0.10648615052493168	-0.005893168436500049
HOUSE5765_6522_40.9251902418155	40.9251902418155	0.1021773029029317	-0.005830169909188776
HOUSE5287_5264_40.8105391545887	40.8105391545887	0.10035051906203168	-0.007374232431770433
HOUSE3142_3104_40.4089809063785	40.4089809063785	0.10318704727393169	-0.003547490519663493
HOUSE2264_6521_43.054518972607	43.054518972607	0.11115386536393168	-0.0021043786398448894
HOUSE1883_1872_40.1932534171177	40.1932534171177	0.1000546036869317	-0.006147965665398963
HOUSE1623_1609_43.8768544514945	43.8768544514945	0.10875282624593169	-0.006533237783930862
HOUSE6019_7713_42.2257468780064	42.2257468780064	0.10498238192193168	-0.006232169825290526
HOUSE2670_13518_43.4352497198859	43.4352497198859	0.10591224144903169	-0.008284857138671275
HOUSE2490_10329_42.7264323877069	42.7264323877069	0.10340534946903168	-0.009043856661235375
HOUSE478_7535_40.5766404502433	40.5766404502433	0.10323454448373169	-0.0039134296619876
HOUSE5971_9242_44.9678957806515	44.9678957806515	0.10602203610373172	-0.011954457213634168
HOUSE935_920_44.0952571912711	44.0952571912711	0.10183559080373171	-0.013989038642364837
HOUSE6019_10579_40.0071355799636	40.0071355799636	0.0966271118477317	-0.009116504331493164
HOUSE4384_10015_42.1259598544891	42.1259598544891	0.09830573522773171	-0.012662748911042382
HOUSE2337_12585_41.7813751373996	41.7813751373996	0.1046528082937317	-0.005465954766556785
HOUSE2847_2838_41.1959934169477	41.1959934169477	0.0981326042237317	-0.010542649701765577
HOUSE1493_1472_42.1168461226696	42.1168461226696	0.1013137262117317	-0.009632284121192547
HOUSE1901_9390_40.4172662977502	40.4172662977502	0.0993079266067317	-0.0074470423648666795
HOUSE5992_10497_44.5859148318414	44.5859148318414	0.10597665782973172	-0.011057897996832544
HOUSE5992_10085_42.7183525218971	42.7183525218971	0.1032647782297317	-0.009164503533755808
HOUSE648_611_43.9757645502687	43.9757645502687	0.10684786710593171	-0.00868210209916151
HOUSE648_10313_44.7376749326941	44.7376749326941	0.1082861808799317	-0.0091226044181449
HOUSE1650_11843_42.1136735319632	42.1136735319632	0.0999169868223317	-0.011021200130555825
HOUSE5931_11385_43.3872031817747	43.3872031817747	0.1026144707739317	-0.011464148513452371
HOUSE1593_1580_43.3446532452737	43.3446532452737	0.1039215028189317	-0.010052191391569945
HOUSE4954_13690_44.4576192935751	44.4576192935751	0.10976356550793172	-0.006954622767391963
HOUSE3002_13261_44.7468739945265	44.7468739945265	0.10969849975393171	-0.00773296976765693
HOUSE932_7770_43.8359597534873	43.8359597534873	0.10668544854993171	-0.008499772101882824
HOUSE1342_13398_44.956681081315	44.956681081315	0.10986412305793171	-0.008084715619101901
HOUSE4736_8566_41.3448626301523	41.3448626301523	0.0951013129377317	-0.013941041738680937
HOUSE4736_7833_41.8118178949226	41.8118178949226	0.10526965942773171	-0.004924173278631067
HOUSE656_620_40.931920081608	40.931920081608	0.0943201133150317	-0.01370395479700462
HOUSE2020_14549_44.9668608214106	44.9668608214106	0.1047347762300317	-0.013239164952434532
HOUSE2079_2083_43.4874075963929	43.4874075963929	0.1025028580030317	-0.011822858149174373
HOUSE2251_9835_43.8933410221844	43.8933410221844	0.10646039164203171	-0.008866327082982364
HOUSE2342_8932_43.913193212089	43.913193212089	0.10527148578253172	-0.0101041870120607
HOUSE2752_12856_42.7176968399185	42.7176968399185	0.1002404417285317	-0.012187223170450873
HOUSE6019_12937_44.9457944904004	44.9457944904004	0.10244659835253171	-0.015475394775891632
HOUSE882_9235_43.5710813291371	43.5710813291371	0.1075017596877317	-0.007030289859143918
HOUSE4078_6411_44.419998719216	44.419998719216	0.1093900400557317	-0.007235378594497549
HOUSE1643_1640_41.0050170868275	41.0050170868275	0.1003885991641317	-0.00781572089475184
HOUSE620_11735_41.6747623748395	41.6747623748395	0.09903977684973171	-0.010816086821552925
HOUSE6019_11273_42.9445858940016	42.9445858940016	0.10258915758073171	-0.010397999373964961
HOUSE4788_4753_40.7260357786436	40.7260357786436	0.09528072551873171	-0.012235646740058961
HOUSE5127_5092_44.8649399306642	44.8649399306642	0.1062588559187317	-0.011463755692485006
HOUSE4456_4423_41.6434007550532	41.6434007550532	0.0951783669307317	-0.014600161246358781
HOUSE1823_1825_43.1686154651389	43.1686154651389	0.10332793045673169	-0.010211667274814679
HOUSE1943_6442_44.7829635944506	44.7829635944506	0.10370664901023169	-0.013813814863830376
HOUSE404_11731_43.7746785565403	43.7746785565403	0.1057056554312317	-0.009328450205382768
HOUSE6019_6054_41.1540100307888	41.1540100307888	0.09659477447503169	-0.011976951445896097
HOUSE1585_1570_41.6638568033471	41.6638568033471	0.09959144744503169	-0.010237523872905732
HOUSE2945_2936_44.4031884186894	44.4031884186894	0.1119984518182317	-0.004585513842399594
HOUSE2887_11143_40.2170146301697	40.2170146301697	0.1005846357482317	-0.005676527043039614
HOUSE1974_9498_42.3915780172683	42.3915780172683	0.1021963459542317	-0.009427133431135062
HOUSE201_11834_44.9300612285499	44.9300612285499	0.1053676765162317	-0.012515519522347904
HOUSE6019_10942_40.1168213792304	40.1168213792304	0.0964856584552317	-0.00952843500004523
HOUSE1222_9533_43.3472301170696	43.3472301170696	0.1070714701722317	-0.006908578418406197
HOUSE620_9194_40.4436107638552	40.4436107638552	0.09718216380323169	-0.009637768723163714
HOUSE4316_4271_40.6723463410348	40.6723463410348	0.1017948585732317	-0.005589119401756826
HOUSE3954_3911_40.853816093877	40.853816093877	0.0980028398905317	-0.009828629416631998
HOUSE2738_2738_43.6687744117808	43.6687744117808	0.1062940282195317	-0.008478925428505854
HOUSE984_6479_40.3187498963509	40.3187498963509	0.1025001355495317	-0.004011899076189138
HOUSE310_10941_43.5244774204555	43.5244774204555	0.1070761515965317	-0.007340976070229627
HOUSE2619_2624_43.6366595024349	43.6366595024349	0.11259375706653171	-0.002100003529546493
HOUSE2306_2318_40.5139446498188	40.5139446498188	0.1000030881775317	-0.006990282642760956
HOUSE2380_10602_41.930906580683	41.930906580683	0.1036517831715317	-0.006835713651320255
HOUSE2624_2630_40.470679781889	40.470679781889	0.1002285964155317	-0.006658086358499474
HOUSE3329_7887_44.1284699078492	44.1284699078492	0.10683471533413169	-0.009071814277440984
HOUSE2611_7760_43.8916398852598	43.8916398852598	0.10824944292413169	-0.007073080919825461
HOUSE183_165_44.0294542531788	44.0294542531788	0.10697428468353169	-0.008688079459577572
HOUSE7_11390_43.1771689473923	43.1771689473923	0.10368178665453169	-0.009878903347811122
HOUSE1154_6238_44.5920919281495	44.5920919281495	0.1111184339675317	-0.005931354133351524
HOUSE492_467_40.4858984603766	40.4858984603766	0.0932997606392917	-0.0136244502990958
HOUSE4397_4363_43.4641954282938	43.4641954282938	0.1133238859984917	-9.445906200584581E-4
HOUSE3947_9839_40.936640769305	40.936640769305	0.1014950256244917	-0.0065406833631904415
HOUSE196_6875_44.8844749926354	44.8844749926354	0.1073832388734917	-0.010387544792674674
HOUSE1204_9266_43.1730148661882	43.1730148661882	0.1060642351074917	-0.00748621122998204
HOUSE1060_12305_42.0277973560616	42.0277973560616	0.10362549808449169	-0.007100924407627912
HOUSE2587_10314_44.154252384139	44.154252384139	0.1064694375525517	-0.009500669787435759
HOUSE66_52_42.1938982256298	42.1938982256298	0.1041452431025517	-0.006990772163208606
HOUSE6019_12574_44.3927692784928	44.3927692784928	0.1066294962355517	-0.009928776576251228
HOUSE1990_6977_43.4229452022082	43.4229452022082	0.1052633628565517	-0.008903393677331659
HOUSE6019_11961_43.3476399362553	43.3476399362553	0.1020943902044917	-0.011886668970722908
HOUSE2365_13048_43.8601535828878	43.8601535828878	0.10752965388449169	-0.007715227007000711
HOUSE2470_2492_42.2130749297228	42.2130749297228	0.10154837228149169	-0.009634931354517123
HOUSE226_10449_40.5384811737006	40.5384811737006	0.0967613674624917	-0.010292508657372107
HOUSE3866_10363_41.8156248988865	41.8156248988865	0.0970701351793917	-0.013133085324379304
HOUSE2656_8681_44.002812473464	44.002812473464	0.10033607982939169	-0.015260587604985845
HOUSE4579_6408_44.1904543526471	44.1904543526471	0.10236129700939169	-0.013698081775899054
HOUSE166_8755_40.0020236399635	40.0020236399635	0.0943741028932917	-0.011356907610305028
HOUSE2030_13633_43.9303177572037	43.9303177572037	0.10529011148529169	-0.010127789203405693
HOUSE2030_9719_44.2038971802685	44.2038971802685	0.1078233706372917	-0.008269157192103013
HOUSE3910_3870_44.8228087562364	44.8228087562364	0.10941890227529169	-0.008199816896135359
HOUSE669_634_41.6922239842266	41.6922239842266	0.10622606230253169	-0.003672860439061773
HOUSE1677_10406_41.0544281756478	41.0544281756478	0.0982761318245317	-0.010050032418377652
HOUSE2298_2306_40.1108191088999	40.1108191088999	0.0950406432665317	-0.01095864902268752
HOUSE2298_9536_41.0113880376312	41.0113880376312	0.0954498700265317	-0.012770160337886069
HOUSE1513_1492_40.0963934830644	40.0963934830644	0.09982546990053169	-0.006138249835016818
HOUSE2370_2382_40.7049532192169	40.7049532192169	0.0988633077375317	-0.00860107644911054
HOUSE2403_10608_43.8542888184398	43.8542888184398	0.10368602274753169	-0.011544396057499323
HOUSE3484_9873_43.1165499882049	43.1165499882049	0.10053478864693169	-0.012876419370799447
HOUSE610_11724_44.196675653572	44.196675653572	0.1048220549182317	-0.011252665146777252
HOUSE6019_6492_44.8757893664531	44.8757893664531	0.1058320978172317	-0.011917267720733038
HOUSE2370_2383_41.3603081378339	41.3603081378339	0.0952400847775317	-0.013840357407682316
HOUSE5524_11930_43.9666546657255	43.9666546657255	0.1028634241007317	-0.012644080785617767
HOUSE3601_8164_40.0333945969347	40.0333945969347	0.0954591373407317	-0.01034923168188423
HOUSE628_591_40.4867393859899	40.4867393859899	0.09205126208073171	-0.014875022519613562
HOUSE5612_8879_40.2842468696424	40.2842468696424	0.10222986291173171	-0.004197089736722712
HOUSE5969_12374_41.8845344567671	41.8845344567671	0.10173782925473171	-0.008635317252533692
HOUSE3128_3096_43.2584779120887	43.2584779120887	0.1052278573057317	-0.008533334743701104
HOUSE6019_8116_41.1581835069228	41.1581835069228	0.09851561944183171	-0.010066397970464505
HOUSE2702_2714_40.0493384399743	40.0493384399743	0.0994723560007317	-0.0063753293897639285
HOUSE5904_5883_40.7705449478506	40.7705449478506	0.1065685186347317	-0.001057610027594566
HOUSE1526_1508_40.6658106551822	40.6658106551822	0.1054055618647317	-0.0019622995799642856
HOUSE4355_4318_40.3771562057676	40.3771562057676	0.1116398604477317	0.0049838000722704084
HOUSE2253_11888_44.138340522768	44.138340522768	0.13937321753773171	0.023442347701134084
HOUSE1589_14404_44.84362583557	44.84362583557	0.1397008233707317	0.022030770781932926
HOUSE142_124_44.6470209504303	44.6470209504303	0.1392724634727317	0.022087224361580726
HOUSE483_452_42.9280724951908	42.9280724951908	0.13514777629773173	0.022201340194399247
HOUSE2261_11919_41.5191489370432	41.5191489370432	0.1161751793611317	0.006703047212556407
HOUSE521_499_43.751135179773	43.751135179773	0.11384691831113171	-0.0011291310551209272
HOUSE314_295_40.593345544413	40.593345544413	0.1101678483321317	0.0029786806281084655
HOUSE2300_2311_43.4186486332139	43.4186486332139	0.12364203717513168	0.009485875670739066
HOUSE486_458_42.9122548317537	42.9122548317537	0.1161840966251317	0.003276665739872786
HOUSE2650_8367_43.8286260724999	43.8286260724999	0.1183170183841317	0.003149882061101436
HOUSE534_508_40.0763087332133	40.0763087332133	0.10427582583073171	-0.0016383663591707232
HOUSE1401_10999_40.1603907271841	40.1603907271841	0.1101493407167317	0.004027808389397897
HOUSE4264_7761_40.381095550812	40.381095550812	0.10857386452673169	0.001908090010295349
HOUSE755_733_42.1353661565203	42.1353661565203	0.11429659313813169	0.0033049137364509346
HOUSE1761_8309_42.2068744676113	42.2068744676113	0.11565381670113169	0.004485802957829077
HOUSE1278_12769_43.4075528362124	43.4075528362124	0.1186255950741317	0.00449679500548239
HOUSE6019_6183_41.1093462930699	41.1093462930699	0.1123115159833317	0.003849927620750246
HOUSE2020_2014_40.9546504539325	40.9546504539325	0.1090106609491317	9.305413770971105E-4
HOUSE1003_13027_42.1518824144856	42.1518824144856	0.1069148457691317	-0.004117561534382197
HOUSE716_8460_32.7179508409828	32.7179508409828	0.09054712600213169	0.002778114065377549
HOUSE1015_10843_40.5038634245284	40.5038634245284	0.1084780325331317	0.0015095212878618869
HOUSE1015_11838_41.7502592981327	41.7502592981327	0.11308106604113169	0.003039032397989666
HOUSE6019_12101_41.5235141443554	41.5235141443554	0.10786232681713169	-0.0016205696180796036
HOUSE1410_11634_43.382027003716	43.382027003716	0.1125315643301317	-0.001534290875201294
HOUSE3710_3651_40.9358407044591	40.9358407044591	0.1094112929029317	0.0013775568174997088
HOUSE1998_1988_43.7069861576314	43.7069861576314	0.11387665503293169	-9.905260264932159E-4
HOUSE1998_1989_40.5313690838082	40.5313690838082	0.1087019752059317	0.0016656369871817372
HOUSE665_7453_32.5575067184219	32.5575067184219	0.0939087777057707	0.006535409412213061
HOUSE2302_2312_32.3409524685703	32.3409524685703	0.0949432673557707	0.008103906235510716
HOUSE1596_1587_40.2607756523102	40.2607756523102	0.1096855808677707	0.0033165065497116064
HOUSE6019_10266_44.9024307841585	44.9024307841585	0.12130048673777069	0.003485425383763313
HOUSE2733_8889_44.8206648947774	44.8206648947774	0.12047062020380969	0.0028571876402346957
HOUSE2613_12071_44.8756614439288	44.8756614439288	0.1247934906938097	0.007044440603570637
HOUSE4291_4248_44.3830529972911	44.3830529972911	0.12431548021777071	0.0077811670551690415
HOUSE1829_1829_41.9352574885969	41.9352574885969	0.11528473211427069	0.0047865062660683855
HOUSE1829_1828_44.5757499875669	44.5757499875669	0.12249328501177069	0.005483794958617741
HOUSE1736_1729_43.2060276871084	43.2060276871084	0.12127579750177069	0.007643943927106905
HOUSE1595_14300_44.9949229214169	44.9949229214169	0.12820930619777068	0.010166165899094859
HOUSE3821_3774_40.1021812998633	40.1021812998633	0.1148743768517707	0.008896384777117974
HOUSE3821_3775_41.494570823852	41.494570823852	0.1172317251817707	0.007820200889006215
HOUSE2572_12427_41.6112820243601	41.6112820243601	0.1158188787673707	0.006119553065406347
HOUSE3611_3558_42.9975726771462	42.9975726771462	0.11914554424837069	0.006027725705140985
HOUSE1637_1631_44.6341744428586	44.6341744428586	0.1203964172723707	0.003242856723057283
HOUSE6019_7545_44.1536128870212	44.1536128870212	0.1202755232566707	0.004306992870487858
HOUSE730_708_44.1489588359133	44.1489588359133	0.1180460723546707	0.0020890185231073888
HOUSE3647_3590_41.1557416815776	41.1557416815776	0.11308113425570969	0.004505138208734966
HOUSE6019_11677_41.5271333815381	41.5271333815381	0.1139495589557097	0.0044577377424404735
HOUSE3888_3846_24.1830976429922	24.1830976429922	0.0691569394207707	0.002434260372393457
HOUSE4498_4465_43.0648857426456	43.0648857426456	0.1276540286507707	0.014370220939201109
HOUSE5943_10260_40.0052836842493	40.0052836842493	0.1151987112207707	0.009459661682913137
HOUSE1628_1617_41.0355315170485	41.0355315170485	0.11070883768277069	0.002429271238104977
HOUSE5983_11301_44.1558917006478	44.1558917006478	0.1110603447327707	-0.004913805043583644
HOUSE808_11536_42.1680766176348	42.1680766176348	0.1011619726537317	-0.009910368387648999
HOUSE2716_12053_44.7047641447639	44.7047641447639	0.11367802123173171	-0.0036496084351548136
HOUSE4223_9435_43.5979760373279	43.5979760373279	0.11108655178173171	-0.0035118181772691576
HOUSE3666_3606_41.2024041288532	41.2024041288532	0.11237489669293169	0.003683834413888684
HOUSE3879_3835_40.0697519417126	40.0697519417126	0.1102498095179317	0.00435178590332895
HOUSE388_10590_41.9078729231842	41.9078729231842	0.1097085725079317	-7.221249755396258E-4
HOUSE2776_2770_40.1729363913045	40.1729363913045	0.10776483032293169	0.0016123612920297542
HOUSE466_9847_40.1068641696276	40.1068641696276	0.1037390860839317	-0.002250453610070313
HOUSE2142_10688_42.2264759245812	42.2264759245812	0.11071961211693171	-4.967374066023461E-4
HOUSE3007_13723_44.3502893142166	44.3502893142166	0.1180064290169317	0.0015529087355476562
HOUSE2099_2109_42.8618759926026	42.8618759926026	0.1140382261182317	0.0012550258195695857
HOUSE5710_5700_44.1541563317148	44.1541563317148	0.1166585203752317	6.886498935999158E-4
HOUSE137_12356_43.4538092318555	43.4538092318555	0.1210705796962317	0.006827714689576145
HOUSE773_7251_42.7023917666608	42.7023917666608	0.1115986066472317	-7.913170441178757E-4
HOUSE4418_4381_44.9991152748715	44.9991152748715	0.11716815819623169	-8.853201439246866E-4
HOUSE1125_7312_40.5039709724952	40.5039709724952	0.1045095062122317	-0.0024592702385733828
HOUSE2640_7390_40.744771167035	40.744771167035	0.10361501348943171	-0.003947558886892466
HOUSE2858_7326_40.5799924151506	40.5799924151506	0.10488787620643171	-0.0022683636431763965
HOUSE5871_5848_40.8474381763988	40.8474381763988	0.10112136379643172	-0.006694378025880535
HOUSE741_8010_41.9468007085379	41.9468007085379	0.1081784528584317	-0.0023482377382374187
HOUSE5592_5587_44.5134850079194	44.5134850079194	0.11410026262043171	-0.0027556864802819048
HOUSE4634_4599_40.431279244367	40.431279244367	0.10368347225993171	-0.0031060516281253975
HOUSE4634_7502_41.871521380351	41.871521380351	0.1095046115669317	-8.364456317302982E-4
HOUSE6019_11435_44.7912509068175	44.7912509068175	0.11516132826303171	-0.0023795715260692685
HOUSE4412_4374_41.0559274582573	41.0559274582573	0.1071704069339317	-0.001159454431840956
HOUSE5569_5564_43.0094377964269	43.0094377964269	0.1093548123944317	-0.0037922646778375674
HOUSE3050_7810_43.2216023595538	43.2216023595538	0.1124409860294317	-0.0012292735650322184
HOUSE2289_10869_43.0683908797801	43.0683908797801	0.11050217843443172	-0.002790272692699991
HOUSE4539_8227_40.7207819264028	40.7207819264028	0.1059272971024317	-0.001576119535372747
HOUSE5977_13161_43.7683169462717	43.7683169462717	0.1091103877314317	-0.0059080306327349424
HOUSE4569_10433_41.4341800491738	41.4341800491738	0.1054170934234317	-0.0038455115712757726
HOUSE2950_7756_40.3255236728384	40.3255236728384	0.10355005991243171	-0.002978678357928366
HOUSE1007_980_42.4646211159416	42.4646211159416	0.10654181473743171	-0.005261783665124323
HOUSE1007_981_41.9381644417698	41.9381644417698	0.1064833091674317	-0.004022085017793914
HOUSE5652_9013_44.3784897267649	44.3784897267649	0.1110601287224317	-0.005462931743922442
HOUSE5652_7118_43.1084165113124	43.1084165113124	0.1077817731574317	-0.005609378292453615
HOUSE1312_12984_44.580073399674	44.580073399674	0.11495722748543172	-0.002062923790393592
HOUSE152_10701_42.7722044525385	42.7722044525385	0.11697608566043172	0.004414008917034362
HOUSE4600_6215_44.4078537505873	44.4078537505873	0.11381396737443172	-0.002781502658434243
HOUSE2602_9991_43.9467565366067	43.9467565366067	0.11027533173843171	-0.005183105795547968
HOUSE5139_5103_40.2297226918614	40.2297226918614	0.10010825028743171	-0.006184249668114733
HOUSE3280_13020_44.4834009622967	44.4834009622967	0.11823922659743172	0.0014574625850982403
HOUSE6019_12069_42.8540048279478	42.8540048279478	0.1111804246144317	-0.0015833659594581967
HOUSE3653_3598_44.2160966160723	44.2160966160723	0.11475080802943172	-0.0013718027294546825
HOUSE4755_10432_44.737076576572	44.737076576572	0.11597309593143171	-0.0014342138635707047
HOUSE3391_3340_40.9508646495676	40.9508646495676	0.10428097210313171	-0.003789811948177957
HOUSE1501_11033_41.9204602856189	41.9204602856189	0.10914697455313171	-0.0013147624589456425
HOUSE3733_3679_40.2673869003571	40.2673869003571	0.1029780334741317	-0.003407343705145366
HOUSE1645_10275_41.7933694709813	41.7933694709813	0.10727069882613172	-0.0028776413963502723
HOUSE6019_14050_44.827400703454	44.827400703454	0.11868911436413171	0.0010590717818028395
HOUSE4792_4756_43.4866166989248	43.4866166989248	0.1106766031252317	-0.00364716273081718
HOUSE409_394_30.183353559114	30.183353559114	0.0796634416917317	-0.0018554360136867343
HOUSE1729_1724_42.0015346945729	42.0015346945729	0.1058042154487317	-0.004857445212879077
HOUSE1219_1202_40.1859760640674	40.1859760640674	0.1058944227387317	-2.902011854480635E-4
HOUSE5373_6584_40.0232190162159	40.0232190162159	0.1068204804897317	0.0010372037158249553
HOUSE524_503_43.6212105618324	43.6212105618324	0.11409593882473171	-5.59725797209587E-4
HOUSE524_12483_42.7597669861279	42.7597669861279	0.1156219661647317	0.0030905593171478007
HOUSE3931_11709_44.9535986866512	44.9535986866512	0.1135266019757317	-0.004414635738205913
HOUSE329_6961_44.9229277484512	44.9229277484512	0.1130679214777317	-0.004797683913026887
HOUSE6019_11177_42.0319989684504	42.0319989684504	0.10470511243473171	-0.006031670930732896
HOUSE2925_8915_40.1069153867286	40.1069153867286	0.09833913332473171	-0.007650532666950219
HOUSE3680_11324_43.3594677388449	43.3594677388449	0.1110667483246317	-0.00294347735935159
HOUSE169_147_43.7988802401922	43.7988802401922	0.11384157241763171	-0.0012522128266785199
HOUSE6019_10354_41.5469924089362	41.5469924089362	0.1076832051063317	-0.001857587037282074
HOUSE5708_5698_40.4419569780338	40.4419569780338	0.1010265711546317	-0.005789283255114727
HOUSE414_398_42.1482399129309	42.1482399129309	0.1071513088566317	-0.0038721163005595582
HOUSE2929_7928_44.9916221950392	44.9916221950392	0.1136115580611317	-0.004423442884176579
HOUSE2929_2922_40.9841977967881	40.9841977967881	0.1024632351491317	-0.005689746040938956
HOUSE728_13026_43.6618200487077	43.6618200487077	0.1101096701121317	-0.004646134577761196
HOUSE3052_7643_40.0776788083172	40.0776788083172	0.10068808509063171	-0.0052294856057370775
HOUSE3052_8807_41.6591574670747	41.6591574670747	0.1076748647236317	-0.00214251836973417
HOUSE4540_4489_42.1869817425335	42.1869817425335	0.1084984452537317	-0.002620514463176765
HOUSE4154_11079_40.5910075520191	40.5910075520191	0.1137174141307317	0.0065340117474551734
HOUSE2524_2541_40.6204214314834	40.6204214314834	0.10978095602073171	0.002525021130523483
HOUSE4935_8402_41.1147377174348	41.1147377174348	0.1193032881727317	0.010828404946220671
HOUSE367_359_44.9062629372941	44.9062629372941	0.1338707979627317	0.01604628679527116
HOUSE2956_10091_31.6796789525618	31.6796789525618	0.0935394922918617	0.008330784004793854
HOUSE5610_5600_43.2026253290494	43.2026253290494	0.1170050145367317	0.0033815509318370768
HOUSE3127_3095_44.7420941360718	44.7420941360718	0.1200010377107317	0.002581354975613001
HOUSE2895_10730_43.4864029493427	43.4864029493427	0.11841350795073169	0.004090269185747564
HOUSE2864_11006_40.5232057865347	40.5232057865347	0.1132154451037317	0.006199236987737972
HOUSE318_297_31.5237498139031	31.5237498139031	0.0872386202807317	0.0024144220119476645
HOUSE3346_3294_42.8046320122667	42.8046320122667	0.11115035436973171	-0.001491686398935349
HOUSE3346_12936_43.1459124353016	43.1459124353016	0.1117035883387317	-0.0017800253574192931
HOUSE6019_7378_44.7499021259136	44.7499021259136	0.11973040520963171	0.002291468534276725
HOUSE5135_8931_44.7210787080284	44.7210787080284	0.1190747567996317	0.0017068965955082949
HOUSE4243_4196_42.552246484021	42.552246484021	0.10448029712273171	-0.007539379122440265
HOUSE4243_8953_43.8127047992345	43.8127047992345	0.11012356475673171	-0.0050043108538554565
HOUSE3264_7514_40.1443574334626	40.1443574334626	0.1214260203627317	0.015344024982212545
HOUSE797_10456_40.5910264697941	40.5910264697941	0.11406690295273171	0.0068834539195854055
HOUSE6019_10010_42.9996337475968	42.9996337475968	0.12989798476173173	0.016775083767310017
HOUSE571_11797_42.2784929415244	42.2784929415244	0.12060177414573171	0.009257154407227283
HOUSE6019_10050_42.5718876345803	42.5718876345803	0.12153651817973171	0.009468408272797504
HOUSE3259_8914_44.0535190876108	44.0535190876108	0.12988704191173173	0.01416533562124038
HOUSE1438_10803_43.2213290256577	43.2213290256577	0.13094294773893173	0.0172733621661567
HOUSE2455_8895_31.7505991755194	31.7505991755194	0.0967865125819317	0.01140292013619608
HOUSE5359_10695_40.8964918118102	40.8964918118102	0.1260744923299317	0.018137787777938716
HOUSE3368_7994_40.1168084852773	40.1168084852773	0.1237080520489317	0.017693990389213862
HOUSE2499_2525_42.4743837977763	42.4743837977763	0.1214801990299317	0.009652526557557481
HOUSE5923_12364_44.7055524240867	44.7055524240867	0.13029135881493173	0.012961785308045648
HOUSE1697_12740_41.770996920705	41.770996920705	0.12137436200593171	0.011281190880064962
HOUSE820_8029_40.8029492117513	40.8029492117513	0.1258601536347317	0.018154118392967433
HOUSE424_407_41.9069242352657	41.9069242352657	0.1210804295284317	0.010652071440996475
HOUSE2050_2052_40.5070508178324	40.5070508178324	0.12075688376043171	0.013780512632986297
HOUSE3184_3142_43.4654523330544	43.4654523330544	0.1336302750504317	0.019358698995325704
HOUSE5650_8759_44.8455214104615	44.8455214104615	0.13562177073043175	0.017947043790562625
HOUSE2912_7210_42.0105419213584	42.0105419213584	0.12995876454043173	0.019274892706709235
HOUSE3546_10900_40.1126408053689	40.1126408053689	0.1047127952117317	-0.0012909892496923148
HOUSE825_11602_41.3733492861314	41.3733492861314	0.10736751569173171	-0.0017450850253221406
HOUSE2562_11040_44.8184307259896	44.8184307259896	0.1130965673317317	-0.004511355932626762
HOUSE209_192_41.7498795164283	41.7498795164283	0.10453114286173171	-0.005509954267097744
HOUSE3066_8744_40.6841306970455	40.6841306970455	0.1118613131177317	0.004448275770106924
HOUSE5013_4984_42.2992319124751	42.2992319124751	0.1226241544957317	0.011228393949498594
HOUSE584_12067_41.5202305000275	41.5202305000275	0.11835916867773169	0.008884369472784218
HOUSE3742_10638_43.8913762380323	43.8913762380323	0.1264972982167317	0.011175424507836776
HOUSE4707_4678_40.6782006953914	40.6782006953914	0.1109324177105317	0.003534003319616938
HOUSE2092_2100_44.3731865401161	44.3731865401161	0.1272900647805317	0.010780081590258422
HOUSE695_11017_40.8423847719072	40.8423847719072	0.1171932514597317	0.009389970968702213
HOUSE1364_11131_42.7962148236111	42.7962148236111	0.1195163887927317	0.006895104204671432
HOUSE1364_1344_40.0908013153821	40.0908013153821	0.1122188497147317	0.006268919861666125
HOUSE3119_8506_40.6249125414804	40.6249125414804	0.11089192722173169	0.003624917577940423
HOUSE4551_9272_40.6141705625506	40.6141705625506	0.1140478172317317	0.00680729653381823
HOUSE5940_10042_40.1359264562832	40.1359264562832	0.0994270058667317	-0.006634199331674681
HOUSE5112_5072_44.9101093429306	44.9101093429306	0.1196660860889317	0.0018320899623779363
HOUSE1755_6414_40.5243465718241	40.5243465718241	0.1138595560289317	0.006840534818629521
HOUSE3910_3871_42.9454859822661	42.9454859822661	0.1098101242189317	-0.0031792522885568247
HOUSE359_11393_42.4349508888554	42.4349508888554	0.1073212356089317	-0.004409198151931734
HOUSE1516_12920_43.2130394410623	43.2130394410623	0.1150410274227317	0.0013918833681473147
HOUSE541_12223_42.080641986427	42.080641986427	0.1115124667179317	6.557331757878065E-4
HOUSE2596_2607_43.8743566049534	43.8743566049534	0.11145094534753171	-0.003828959172777646
HOUSE2703_7455_41.2890338839892	41.2890338839892	0.1113540118475317	0.0024493268356384212
HOUSE2026_6511_31.3702175805811	31.3702175805811	0.08499738119873171	5.517823524135851E-4
HOUSE1968_11790_40.6566827918869	40.6566827918869	0.1125861491847317	0.005240796393086444
HOUSE4811_4781_32.1465168411378	32.1465168411378	0.0826635174947317	-0.00369637938105033
HOUSE3204_3154_23.1253123100706	23.1253123100706	0.06637191070673172	0.002257654055865893
HOUSE1529_8048_40.6991165597579	40.6991165597579	0.11310136866773171	0.005651377262673465
HOUSE3817_3769_30.6625815631858	30.6625815631858	0.0803974101477317	-0.002303209278271004
HOUSE4751_6889_32.7694054352117	32.7694054352117	0.09149095293273171	0.0035950576748874363
HOUSE671_639_40.8025279847144	40.8025279847144	0.10881246798943171	0.0011074714631830601
HOUSE671_7942_40.0484039147119	40.0484039147119	0.11169064666943171	0.0058452657508829
HOUSE971_11839_44.4117719563656	44.4117719563656	0.1195199856874317	0.0029148536414974197
HOUSE6019_11039_40.994248718489	40.994248718489	0.11052358746883172	0.002345821430205966
HOUSE1575_1558_42.082408560935	42.082408560935	0.1148838016268317	0.004022711839266238
HOUSE3593_8618_41.640257201124	41.640257201124	0.11628044737273172	0.00650967097307803
HOUSE5650_8068_42.2861928597558	42.2861928597558	0.11762063652873171	0.006257029346793619
HOUSE4986_4961_42.6717204624401	42.6717204624401	0.11414015933873171	0.0018258688731418449
HOUSE918_900_44.5673542847169	44.5673542847169	0.12064685462973172	0.003658067774737428
HOUSE3563_14130_44.8260499564238	44.8260499564238	0.12245679303773171	0.004830081300232408
HOUSE2730_7609_44.9941861635517	44.9941861635517	0.12483628715273172	0.006794963645854107
HOUSE897_9907_44.8516200733211	44.8516200733211	0.12252939994573171	0.0048396341427750095
HOUSE6019_11965_40.8825163450092	40.8825163450092	0.11078185239293172	0.0028796103348728425
HOUSE2704_6459_42.6131156273186	42.6131156273186	0.10978412187617072	-0.002385653289598194
HOUSE2991_13627_44.1842898707254	44.1842898707254	0.11000842004617072	-0.0060357575709688305
HOUSE530_506_40.2692944286671	40.2692944286671	0.10628014291227071	-1.0993809434527158E-4
HOUSE5072_5038_40.0263039989554	40.0263039989554	0.1034578886122707	-0.002332995506740196
HOUSE6019_6175_43.7030603655148	43.7030603655148	0.10684092839227072	-0.008016571946722353
HOUSE2330_10372_44.6904662154213	44.6904662154213	0.11258744117227072	-0.004704930831293641
HOUSE1967_10980_42.3779719904996	42.3779719904996	0.11962963009277072	0.008039702188843562
HOUSE3396_7768_41.8504598665526	41.8504598665526	0.12116009023277072	0.010870969209254497
HOUSE6019_6136_32.2368240072392	32.2368240072392	0.08615282211277071	-4.2976572627514975E-4
HOUSE815_12201_42.4328473361675	42.4328473361675	0.10532434791777072	-0.006400898633765181
HOUSE1868_7374_32.8648089510793	32.8648089510793	0.08464673036367071	-0.003484423088672292
HOUSE1208_1186_44.9813197727843	44.9813197727843	0.12308382249077071	0.005074226576258292
HOUSE2723_12749_44.9463621968852	44.9463621968852	0.12148965675277071	0.003566263701069869
HOUSE2051_13758_42.9145605289847	42.9145605289847	0.11731223504877071	0.004399118480309314
HOUSE5061_14150_44.8807951588924	44.8807951588924	0.12328036616977071	0.005518656708412839
HOUSE396_7277_43.5419793089386	43.5419793089386	0.11855276889977072	0.0040924828373527095
HOUSE5320_5300_40.5297445051902	40.5297445051902	0.1097655232060707	0.002733191081111072
HOUSE782_764_42.8228977692716	42.8228977692716	0.11550197834907071	0.0028148955400234127
HOUSE6019_10839_44.3436089621074	44.3436089621074	0.11856941987510973	0.0021323728605810444
HOUSE6019_13264_44.7433082883414	44.7433082883414	0.11951619643210973	0.002093519684996867
HOUSE720_9365_44.8439593869261	44.8439593869261	0.11886004287877072	0.0011891677763665037
HOUSE720_9423_40.2627069663869	40.2627069663869	0.10940405327877072	0.003030216479386255
HOUSE4023_3985_44.6139555103815	44.6139555103815	0.12102298581977071	0.003919283700788687
HOUSE2146_10821_41.6343962936662	41.6343962936662	0.11167296565377072	0.0019166418295185478
HOUSE1757_9999_43.1032294159988	43.1032294159988	0.11548650908377071	0.002108148637100238
HOUSE2218_2243_42.6671556349634	42.6671556349634	0.11028362606177071	-0.002019407868243922
HOUSE5776_5764_40.4035437181601	40.4035437181601	0.10680094995977071	7.981988046969202E-5
HOUSE4679_8649_40.467762995977	40.467762995977	0.10549763517977072	-0.0013818550104111454
HOUSE497_474_42.7705589646939	42.7705589646939	0.11069362409277071	-0.0018643949961904133
HOUSE2765_2764_40.6083201476526	40.6083201476526	0.10818878873277071	9.626947363624849E-4
HOUSE3411_9636_40.9479898967688	40.9479898967688	0.11241476119277072	0.004351066074682483
HOUSE3411_13791_43.4869140059506	43.4869140059506	0.11828438996277071	0.0039598909690228
HOUSE663_630_42.9698854277376	42.9698854277376	0.11570926103777071	0.0026597172561917543
HOUSE3416_12905_42.2943797505929	42.2943797505929	0.11542380545227071	0.004040009987548915
HOUSE4737_4707_42.107102109585	42.107102109585	0.10705456638927072	-0.00386741590962765
HOUSE1925_1924_40.1109293150271	40.1109293150271	0.10679035158927071	7.907875396842706E-4
HOUSE2028_9368_43.8142395962495	43.8142395962495	0.11963818238727071	0.004506522077855762
HOUSE1925_1925_40.0642491400525	40.0642491400525	0.10731656652727072	0.001432112424980661
HOUSE372_9469_42.9475060382384	42.9475060382384	0.11057503241277071	-0.0024193254071622067
HOUSE4127_11598_42.2615424031392	42.2615424031392	0.1210331585697707	0.009730337637316747
HOUSE3328_3278_41.0673552533062	41.0673552533062	0.1202873279917707	0.011929286506996609
HOUSE2098_2107_40.8591795570911	40.8591795570911	0.11972781494577071	0.011883119724860183
HOUSE1520_11450_42.6146328472816	42.6146328472816	0.12732092467977071	0.015147408158917491
HOUSE29_8868_40.0568459591403	40.0568459591403	0.11090615082777072	0.0050399524360707215
HOUSE913_13386_44.7832479734444	44.7832479734444	0.1251428143877707	0.007621649255604823
HOUSE3638_3582_44.135324629841	44.135324629841	0.12247627557777072	0.006552842715778842
HOUSE4277_12090_43.3496322519727	43.3496322519727	0.11682828514677071	0.0028423130645810896
HOUSE4277_4234_43.8996257890845	43.8996257890845	0.11952418079377071	0.0041819642865175005
HOUSE4156_4116_40.754431718468	40.754431718468	0.10929635279677072	0.0017099581968385152
HOUSE2363_11051_42.5604166400298	42.5604166400298	0.11121277715167072	-8.270461094044418E-4
HOUSE2019_2012_40.4134239126377	40.4134239126377	0.11345054726167071	0.006705053334843142
HOUSE13_13_43.4809979628871	43.4809979628871	0.11314107324307072	-0.0011688372148455778
HOUSE13_12_40.2228585706912	40.2228585706912	0.10539125266407072	-8.843208633599886E-4
HOUSE818_794_40.4138399177824	40.4138399177824	0.10432061198007071	-0.0024259077854626443
HOUSE4853_12047_41.9330901501235	41.9330901501235	0.10839232748407072	-0.002100553863653959
HOUSE1900_11379_44.2972149346362	44.2972149346362	0.11422233487207072	-0.0021003078142826093
HOUSE143_126_42.0157179190478	42.0157179190478	0.11243187091707071	0.0017352354460748592
HOUSE143_14240_44.2083939603702	44.2083939603702	0.11803363284207072	0.0019300162770234108
HOUSE2587_11429_44.1414923872799	44.1414923872799	0.1150255919710707	-9.130501362617088E-4
HOUSE1139_10239_41.9995928100664	41.9995928100664	0.11030717279907072	-3.4969931529660325E-4
HOUSE2992_7661_40.1439631544054	40.1439631544054	0.10694643285707071	8.654097402913535E-4
HOUSE760_9688_42.8406536998227	42.8406536998227	0.11230528326007072	-4.2558439406441273E-4
HOUSE2786_12014_40.1431828306522	40.1431828306522	0.10618721002907072	1.0811113442964204E-4
HOUSE6019_10055_42.705194128581	42.705194128581	0.11300899201317072	6.121578992892007E-4
HOUSE1305_10786_44.848988812097	44.848988812097	0.12018465788817072	0.0025013805857604376
HOUSE4352_11381_42.623090094793	42.623090094793	0.11319993951417072	0.0010055680304592862
HOUSE2188_8500_41.7115252998253	41.7115252998253	0.11113099471017072	0.0011844763153363441
HOUSE1768_1770_43.9244562422391	43.9244562422391	0.11835863211017073	0.0029551854949428497
HOUSE3794_3753_44.2787274290209	44.2787274290209	0.12051872361307071	0.004241669783189697
HOUSE4408_11321_40.6689300038852	40.6689300038852	0.11113980081507072	0.003764247281281302
HOUSE4873_12768_42.9527657489745	42.9527657489745	0.11760337229507072	0.004596044407524383
HOUSE3624_7660_44.7787627758936	44.7787627758936	0.11999235919507072	0.0024822542368216627
HOUSE910_892_40.3274564486607	40.3274564486607	0.10800561981107072	0.0014721154548259646
HOUSE6019_13634_44.0641463164561	44.0641463164561	0.11553232949110971	-2.155827798209775E-4
HOUSE1574_8398_41.8787057441659	41.8787057441659	0.11379429534110971	0.0034355220190497027
HOUSE2258_10781_43.2264905178454	43.2264905178454	0.11247583515110972	-0.0012064782894168763
HOUSE4077_4036_40.415422283976	40.415422283976	0.10705823065410972	3.078088875824031E-4
HOUSE4077_4037_44.7327338171366	44.7327338171366	0.11772613321110972	3.29532347896927E-4
HOUSE1567_1548_41.4392610236577	41.4392610236577	0.10979312088807072	5.179865764664143E-4
HOUSE1313_1288_42.2630326624712	42.2630326624712	0.11244142721307072	0.0011349314085054851
HOUSE1096_11159_40.1235030672979	40.1235030672979	0.10854846497407072	0.0025178949575615645
HOUSE1096_11473_42.9272729828385	42.9272729828385	0.1150027454450707	0.002058280881578972
HOUSE1200_7408_40.2357932842955	40.2357932842955	0.10884869676807071	0.002541227169082977
HOUSE230_9615_44.6698242989482	44.6698242989482	0.12314250825007073	0.005901037724887898
HOUSE494_470_43.2448386179749	43.2448386179749	0.11825255474507072	0.004524996211953014
HOUSE2660_2666_11.925632561876	11.925632561876	0.0330734878167317	-0.0034231657241929267
HOUSE984_966_20.6115720830205	20.6115720830205	0.05199452765973171	-0.005921026753835393
HOUSE5773_5759_40.5027791836773	40.5027791836773	0.09099002913243172	-0.015975808453039378
HOUSE2117_10778_41.970450838297	41.970450838297	0.10034003323043171	-0.010244976881783427
HOUSE2778_11648_41.3996998557368	41.3996998557368	0.09849453706243172	-0.010683042260211287
HOUSE5170_8527_43.8911693739789	43.8911693739789	0.10429924240573171	-0.011022121191315987
HOUSE509_6483_40.1229188218713	40.1229188218713	0.09624214850673171	-0.009786980802661424
HOUSE361_349_43.8665407104418	43.8665407104418	0.10376014859093172	-0.011500482496795292
HOUSE557_529_40.3662372156595	40.3662372156595	0.09332994234093171	-0.013299192591843118
HOUSE2088_2092_44.6133429871406	44.6133429871406	0.11644715498093172	-6.550366998821361E-4
HOUSE4738_6589_40.1371817132837	40.1371817132837	0.10218017092497073	-0.003884129646733847
HOUSE4175_10755_43.9642483445558	43.9642483445558	0.11064463740497071	-0.004856933666795293
HOUSE2732_8808_43.875533477431	43.875533477431	0.10762591532193172	-0.007656891281091427
HOUSE6019_6132_42.73733528913	42.73733528913	0.10659982911393172	-0.0058762627854841015
HOUSE2296_2304_40.4928878558112	40.4928878558112	0.10181962804373171	-0.005121818240079151
HOUSE2974_12215_44.9211405322421	44.9211405322421	0.11435297681373172	-0.003508221430658015
HOUSE3607_3555_40.1531628900841	40.1531628900841	0.11134164083273171	0.005237931830783929
HOUSE1210_1191_40.47220888714	40.47220888714	0.11030673301273171	0.0034162795753525654
HOUSE5807_8702_40.3974958280667	40.3974958280667	0.1035184573136927	-0.0031877591045030573
HOUSE4226_4175_42.5585379952099	42.5585379952099	0.12271864421299271	0.01068345355465146
HOUSE1157_1124_41.7670769675169	41.7670769675169	0.1109513847919927	8.67879988180914E-4
HOUSE1627_10933_40.2248520764988	40.2248520764988	0.10809001639799269	0.001809527028910296
HOUSE1236_8970_30.6386486702894	30.6386486702894	0.08451775170049271	0.0018761490635541833
HOUSE1228_1213_40.1247944054948	40.1247944054948	0.10727481889949271	0.0012410645360553807
HOUSE2164_2182_43.0690253479804	43.0690253479804	0.1196082769824927	0.006314261302504495
HOUSE821_9112_41.2040923030719	41.2040923030719	0.1087234381424927	2.8212947491321194E-5
HOUSE1802_10378_44.3739790097639	44.3739790097639	0.1213485945648927	0.004836657201580399
HOUSE1275_7764_43.6012644588482	43.6012644588482	0.1186970236508927	0.004090544681415842
HOUSE1729_1725_43.0097242499844	43.0097242499844	0.11598640261389272	0.002838619167795056
HOUSE1561_11480_40.2588993124664	40.2588993124664	0.11052090171093171	0.004156454311701599
HOUSE6019_6056_42.0943711199751	42.0943711199751	0.1116389831909317	7.48394594902349E-4
