tip	date	distance	residual
HOUSE3956_3915_40.3084114909584	40.3084114909584	0.10400404860271843	0.0016503599675639358
HOUSE4887_14934_43.9745367430786	43.9745367430786	0.11914677958841843	0.0073452110945852744
HOUSE2045_15409_43.3644913362812	43.3644913362812	0.11305173962841843	0.002822303922036376
HOUSE4955_4931_41.8352552295778	41.8352552295778	0.11053768244041842	0.004249202925680831
HOUSE5918_5903_44.9087122199626	44.9087122199626	0.12047979842441843	0.006270789631752163
HOUSE3641_3587_44.8812884488143	44.8812884488143	0.11541665467841843	0.0012783190017160023
HOUSE2726_13797_42.3062160110567	42.3062160110567	0.11306655621841843	0.00556437543174837
HOUSE5454_5440_40.4421308083253	40.4421308083253	0.10242803912241844	-2.702542270830166E-4
HOUSE214_6247_41.6978087338141	41.6978087338141	0.10800942413231844	0.0020751545503213675
HOUSE1464_1445_30.8197792544961	30.8197792544961	0.08241060136731844	0.004509829975358509
HOUSE856_841_44.2588687047828	44.2588687047828	0.11701922337241843	0.00448491007871514
HOUSE672_14780_44.2681610201755	44.2681610201755	0.11893821597241844	0.0063799556847087685
HOUSE1200_11741_41.9854720559202	41.9854720559202	0.10922775383741844	0.0025521542898302996
HOUSE1035_11789_44.6765530601852	44.6765530601852	0.12212441328441845	0.008513696066324059
HOUSE1035_13502_44.3448394011564	44.3448394011564	0.11822497123341844	0.005469105004436953
HOUSE1757_1753_40.5508504679892	40.5508504679892	0.10719253590341844	0.004214063833294479
HOUSE1757_11792_42.8101195679356	42.8101195679356	0.11652309696041843	0.007722318897782562
HOUSE2338_9822_42.6348228898796	42.6348228898796	0.11082720199541843	0.0024781766253401255
HOUSE4901_4875_44.8323624955123	44.8323624955123	0.11635663392241843	0.002344384098484212
HOUSE238_9580_44.8036058196582	44.8036058196582	0.11336293606441844	-5.752056481119622E-4
HOUSE2395_13347_42.3550302393136	42.3550302393136	0.11332980761131843	0.005701828895704558
HOUSE4733_8817_43.9972690721004	43.9972690721004	0.11761065065031844	0.005750499238899004
HOUSE407_10884_44.1761094889919	44.1761094889919	0.11069434381801843	-0.0016266927668384529
HOUSE302_12033_42.5358153110628	42.5358153110628	0.11181347693801844	0.0037196015274836153
HOUSE5481_10814_41.7643641470931	41.7643641470931	0.10608864568941843	-1.7142186516092006E-5
HOUSE4572_4518_43.3604861208569	43.3604861208569	0.11943183172241842	0.00921271775671205
HOUSE4572_9155_43.4052523345378	43.4052523345378	0.11670174790141843	0.006367268044069244
HOUSE665_9097_30.9347791539039	30.9347791539039	0.07638994542241843	-0.0018071893392154204
HOUSE2772_12126_40.5344344746066	40.5344344746066	0.10023246894441844	-0.0027036978790012656
HOUSE654_10927_44.3854156503974	44.3854156503974	0.10246732021391844	-0.010393114053954516
HOUSE4751_12971_41.919684764216	41.919684764216	0.10079398526191843	-0.005712075498665731
HOUSE4751_11554_43.184004490147	43.184004490147	0.10115620911191843	-0.008608098449329568
HOUSE618_8551_40.0086820015252	40.0086820015252	0.09436609852591843	-0.0072151647250705275
HOUSE4577_7615_43.8159848908996	43.8159848908996	0.11276092214141843	0.0013679536674268966
HOUSE3473_3422_42.1558449126314	42.1558449126314	0.10876414040141844	0.001649477218332182
HOUSE395_12523_43.0892327311449	43.0892327311449	0.10702790359341843	-0.0024921700337789954
HOUSE1968_12168_43.1845904898364	43.1845904898364	0.11355449215741845	0.003788674431000963
HOUSE1968_12932_42.7393733989447	42.7393733989447	0.11318308814741844	0.004564628270638679
HOUSE6019_11111_40.0488294269199	40.0488294269199	0.10872326332581844	0.007038537147166277
HOUSE3767_9960_40.8183955703862	40.8183955703862	0.10399763194691844	3.296760729438325E-4
HOUSE3767_3723_42.5079955251805	42.5079955251805	0.10784807756881845	-1.741041660684589E-4
HOUSE23_13628_43.8891688000876	43.8891688000876	0.11477327623381844	0.003191707334569527
HOUSE1232_1216_43.2928616487935	43.2928616487935	0.11140344688721844	0.0013586062601526616
HOUSE2147_12132_42.6271309074946	42.6271309074946	0.10960430936621844	0.001275106811906318
HOUSE2147_11711_44.7484876587987	44.7484876587987	0.11628920367621842	0.0024931055999578705
HOUSE1068_9762_41.9804501533076	41.9804501533076	0.10671428045001843	5.1622722276295496E-5
HOUSE1068_1041_41.074220891464	41.074220891464	0.10403007838001843	-2.971585419654227E-4
HOUSE366_11661_41.9475592415491	41.9475592415491	0.10378358452201843	-0.002794310858186072
HOUSE1961_1955_44.7149786969232	44.7149786969232	0.11553266931301842	0.0018229263458217904
HOUSE5597_8730_42.2491636423271	42.2491636423271	0.10814939881711844	7.942462655307903E-4
HOUSE404_388_44.9256747375452	44.9256747375452	0.11235725449271844	-0.0018954679805233687
HOUSE4222_14818_44.4444874416696	44.4444874416696	0.11165682000607444	-0.0013558467002985353
HOUSE6019_10008_44.6939585912391	44.6939585912391	0.11415658213411845	5.010095564918909E-4
HOUSE2021_15798_42.7450645186185	42.7450645186185	0.11079225913111844	0.0021591328119119485
HOUSE3820_3772_40.5305369576816	40.5305369576816	0.09998593221521843	-0.002940190414639346
HOUSE178_9677_40.1421097676398	40.1421097676398	0.09501591032821843	-0.0069092062876640326
HOUSE3814_3764_41.4421002832634	41.4421002832634	0.10629459618321843	0.0010193064651130013
HOUSE6010_5993_44.9240382516291	44.9240382516291	0.11172522374021843	-0.002523281386025533
HOUSE6010_5992_40.1647388539277	40.1647388539277	0.09922843904321843	-0.0027549944259783465
HOUSE94_12859_43.7829485839905	43.7829485839905	0.11324959113017843	0.0019417596979372093
HOUSE94_14114_44.6981614285323	44.6981614285323	0.11551787571617844	0.0018514721114917115
HOUSE1938_13690_44.966685640371	44.966685640371	0.11589518119097844	0.0015367705439433416
HOUSE1993_11332_40.9965076879598	40.9965076879598	0.10250083231097844	-0.0016261318544442127
HOUSE625_13978_44.158816037184	44.158816037184	0.10982728141227845	-0.002449188649673001
HOUSE6019_12195_40.4225848417263	40.4225848417263	0.10121872455427844	-0.0014291973726857365
HOUSE1156_13146_43.2342899590731	43.2342899590731	0.11094561349227844	0.001051716504489042
HOUSE693_9253_43.1295135414755	43.1295135414755	0.10543558830641843	-0.004188291991430421
HOUSE4654_11641_42.7587325809509	42.7587325809509	0.10831830653901843	-3.5004340238775633E-4
HOUSE5055_5028_41.9224091191916	41.9224091191916	0.10486169172531844	-0.0016513899024570289
HOUSE4385_13778_42.7482519557105	42.7482519557105	0.10613287689831843	-0.002508463685440235
HOUSE2325_14124_42.831397036789	42.831397036789	0.10741347071431843	-0.0014421409820857822
HOUSE6019_14204_44.700616155751	44.700616155751	0.10718547561431843	-0.0064872540065988304
HOUSE1515_12250_40.7922749966383	40.7922749966383	0.10057192549431844	-0.0030287157011772425
HOUSE6019_12079_41.7502413666807	41.7502413666807	0.10246855512831844	-0.003600837282804928
HOUSE35_9734_40.5501519529099	40.5501519529099	0.09718958915901843	-0.005787082785333811
HOUSE1566_10859_43.3154114987701	43.3154114987701	0.10119372540271843	-0.008909227879742035
HOUSE724_11148_43.1040884897967	43.1040884897967	0.10038446127471842	-0.009173896757211378
HOUSE672_11778_40.2733815156321	40.2733815156321	0.09279813825471843	-0.00946527550558178
HOUSE5886_5862_40.0066901910196	40.0066901910196	0.09333397072951843	-0.008242159476344116
HOUSE2988_7895_41.0148241511597	41.0148241511597	0.09508700959951844	-0.009087157465927476
HOUSE3715_3661_40.2173306234181	40.2173306234181	0.09938952145971842	-0.002729444945624826
HOUSE883_873_41.0467419365887	41.0467419365887	0.10007915063871843	-0.004177270954696458
HOUSE2341_12160_40.869891020208	40.869891020208	0.10551135067871843	0.0017106871666445478
HOUSE1601_11881_43.6229925516378	43.6229925516378	0.11211761646971843	0.0012220037349876811
HOUSE1025_11596_44.9333104817918	44.9333104817918	0.10906835393971843	-0.005204046419387126
HOUSE607_7952_44.0469051865348	44.0469051865348	0.10617685703271844	-0.005811210369993602
HOUSE863_13406_44.5726776188907	44.5726776188907	0.12112461950271843	0.007781597091027631
HOUSE1179_10986_40.7494662406226	40.7494662406226	0.11117670826671842	0.007686388447586484
HOUSE3533_13045_44.6805833755964	44.6805833755964	0.12099407171601843	0.007372968072698771
HOUSE4923_4897_44.9981091654934	44.9981091654934	0.12186651756171843	0.007427126132610762
HOUSE1343_1321_40.132121065878	40.132121065878	0.11032642880671842	0.008427053824768133
HOUSE1247_1235_42.3975191676596	42.3975191676596	0.11859457060671844	0.010857094734643552
HOUSE1159_10760_40.277757866109	40.277757866109	0.10864040350571844	0.006365711561864287
HOUSE5285_14265_41.8241893814411	41.8241893814411	0.10877261921471842	0.002512657220943723
HOUSE5467_8801_43.1929048419709	43.1929048419709	0.11169406553671843	0.0019068211009914127
HOUSE4958_15561_44.5261634402562	44.5261634402562	0.12402808531771845	0.010804933434512665
HOUSE5888_8578_40.09856358869	40.09856358869	0.11283237993971842	0.011019485094432666
HOUSE2025_2023_24.7204137704207	24.7204137704207	0.07057528044671843	0.008393031566881981
HOUSE2161_8611_31.505332669476	31.505332669476	0.08889263843671844	0.009225144454554815
HOUSE6019_11770_42.7396087092347	42.7396087092347	0.12161460701481844	0.012995540725765073
HOUSE1970_9982_41.8406075040203	41.8406075040203	0.12138764811581843	0.015085375388240063
HOUSE1063_13034_42.5434801170862	42.5434801170862	0.12338058481281844	0.015266956622040417
HOUSE1063_12922_43.8644175918307	43.8644175918307	0.12433726016881844	0.012819476990429193
HOUSE2298_14052_44.0957824041337	44.0957824041337	0.13066701076281845	0.018552983102901932
HOUSE5227_7642_44.0932082815561	44.0932082815561	0.12855389952481844	0.016446505571931058
HOUSE2050_13413_43.5071664477206	43.5071664477206	0.12311420276381843	0.012517082589775741
HOUSE1362_1340_43.2651577751866	43.2651577751866	0.12246121779381844	0.012487772127769498
HOUSE2912_14613_40.5178600209861	40.5178600209861	0.10623332472471843	0.0033398715119259542
HOUSE2912_2910_40.0203014106235	40.0203014106235	0.10516840133771843	0.003557193997632657
HOUSE2285_12596_40.9476673389617	40.9476673389617	0.09725236832731843	-0.0067487305940504005
HOUSE276_15448_43.264992892135	43.264992892135	0.10480847176331842	-0.005164548986734713
HOUSE5611_5602_41.4529477327457	41.4529477327457	0.10093555000331843	-0.004367694406030187
HOUSE3731_3675_44.4879923848839	44.4879923848839	0.10590453061681843	-0.007220251592566784
HOUSE6019_13667_44.1454594879683	44.1454594879683	0.10418908569981843	-0.00805296353260912
HOUSE5309_8413_43.9814451743884	43.9814451743884	0.10399018920281843	-0.007829182836867163
HOUSE3666_3606_41.3449768594	41.3449768594	0.10282476704561842	-0.002200228321634079
HOUSE3666_3607_44.9067797732996	44.9067797732996	0.10968582015861843	-0.004518208573998109
HOUSE709_14674_42.9441557131518	42.9441557131518	0.10681514313861842	-0.0023310561275048797
HOUSE709_11121_43.822746384473	43.822746384473	0.10604979552061843	-0.005360597829653521
HOUSE421_402_40.0572737408502	40.0572737408502	0.09606848502261842	-0.005638002786642601
HOUSE1335_1310_40.2672013857119	40.2672013857119	0.09659025158981843	-0.005657235511957667
HOUSE378_11293_40.1575206658567	40.1575206658567	0.09683387431401842	-0.005130957342910011
HOUSE1911_9333_40.3976515714345	40.3976515714345	0.10088554800401842	-0.0016981190145613084
HOUSE5738_5719_40.6645593069882	40.6645593069882	0.10378699408301842	5.154858027673903E-4
HOUSE4789_4755_43.4185857814737	43.4185857814737	0.10178676622201843	-0.008582074928546166
HOUSE3272_7192_42.9825974666778	42.9825974666778	0.10212014650201842	-0.007125120047379113
HOUSE3272_3228_40.4236499825493	40.4236499825493	0.09671929079201842	-0.005931376082768378
HOUSE1631_1620_43.9889059239067	43.9889059239067	0.10588190766201842	-0.005956691288985544
HOUSE1631_1621_40.01208135683	40.01208135683	0.09888349473201843	-0.002706528912658143
HOUSE5419_6861_42.662432970363	42.662432970363	0.10671773250291842	-0.0017024461162597898
HOUSE5998_9166_44.7395292949114	44.7395292949114	0.10966044693191844	-0.004112564768422838
HOUSE5998_11485_44.3411127638835	44.3411127638835	0.10717514387171843	-0.005571118533386363
HOUSE4527_8284_40.6117440201342	40.6117440201342	0.09885082991771843	-0.004284569405368713
HOUSE4772_4735_31.0517352477182	31.0517352477182	0.07314958566871843	-0.005348953722355956
HOUSE4396_15003_43.4754045416206	43.4754045416206	0.10743548826871843	-0.003079779090082363
HOUSE4692_14904_44.9923087890904	44.9923087890904	0.11089635444471843	-0.00352808897917338
HOUSE1461_9784_41.0511849215254	41.0511849215254	0.10270739631471842	-0.00156047518425316
HOUSE874_861_41.7853562682456	41.7853562682456	0.10452374351371843	-0.0016361426335484708
HOUSE3231_13650_41.2450760560293	41.2450760560293	0.10242502136271843	-0.0023425221382930017
HOUSE1285_10559_44.348764300812	44.348764300812	0.12170880194181843	0.008942820951923641
HOUSE4835_8202_40.5941714416258	40.5941714416258	0.11531476666031844	0.012224653190587936
HOUSE944_15263_43.3804353498749	43.3804353498749	0.12184107271731844	0.011570548091562632
HOUSE944_14045_42.8361731523182	42.8361731523182	0.12038245764631843	0.011514537541824493
HOUSE2071_2072_43.9622591889907	43.9622591889907	0.12233069057031844	0.010560762254603548
HOUSE3620_3566_30.0300520868525	30.0300520868525	0.06910796014681841	-0.006757625077752308
HOUSE4165_4124_43.1613834394435	43.1613834394435	0.10316793813081843	-0.006538073285419221
HOUSE2331_15795_43.7073034591393	43.7073034591393	0.10085305028281841	-0.010259837986726555
HOUSE85_10287_44.1208900487417	44.1208900487417	0.10146410780981843	-0.010714624134179382
HOUSE2314_10163_40.7971541281607	40.7971541281607	0.09036792954481843	-0.01324528553871114
HOUSE358_12578_44.570109286425	44.570109286425	0.10014241938831842	-0.01319398423789607
HOUSE3986_13870_44.9968684863799	44.9968684863799	0.10469761249231843	-0.00973858161362065
HOUSE2498_8931_44.9215180279278	44.9215180279278	0.10225710014731842	-0.011984910173344882
HOUSE2049_13059_43.1280115150335	43.1280115150335	0.09958578035681842	-0.010034229106186385
HOUSE6019_13614_42.3580804700032	42.3580804700032	0.09627828265181843	-0.011357556737153496
HOUSE1196_1168_44.1970060963649	44.1970060963649	0.10493161192481842	-0.007443276785194283
HOUSE2695_8673_44.7755571058951	44.7755571058951	0.09981399850181844	-0.01405185957073786
HOUSE2094_11998_41.8684487266355	41.8684487266355	0.09659043818241841	-0.009783583464877024
HOUSE3542_12257_42.8768283344812	42.8768283344812	0.09998115231241841	-0.008991539247029653
HOUSE2043_2044_40.4452223610133	40.4452223610133	0.09002823792981843	-0.012678022582931492
HOUSE3451_10588_40.3396702749184	40.3396702749184	0.09262413458981841	-0.009810110277071932
HOUSE2380_2395_41.9061016528932	41.9061016528932	0.09673051445981842	-0.00974054160369199
HOUSE2027_2027_40.9520022450076	40.9520022450076	0.09550138856981844	-0.008510881729695927
HOUSE2273_14610_44.8224118482056	44.8224118482056	0.10995948456381843	-0.004027121695369756
HOUSE48_12034_44.812673552475	44.812673552475	0.10916526291071843	-0.004796247029668924
HOUSE5008_7810_40.0593324680813	40.0593324680813	0.09287740424381843	-0.008834389059991635
HOUSE2724_12897_42.2242588165682	42.2242588165682	0.09963361546981842	-0.007657355477080394
HOUSE6_14537_42.081654823227	42.081654823227	0.09816569412181841	-0.008757775634095077
HOUSE2204_9244_44.2829180008266	44.2829180008266	0.10514889470181843	-0.007447395432304105
HOUSE6019_6461_22.6797106959831	22.6797106959831	0.04901839521661843	-0.00790480871832086
HOUSE1803_10159_41.2769006753586	41.2769006753586	0.09072571752901842	-0.014123840403932428
HOUSE2712_11118_42.2219831684313	42.2219831684313	0.09423883645901843	-0.013046269971880659
HOUSE365_14004_44.9866326630581	44.9866326630581	0.10799875114901841	-0.00641106447218584
HOUSE3742_13606_40.6270747131202	40.6270747131202	0.09283702009101841	-0.010337887578216548
HOUSE6019_10942_41.9039661018178	41.9039661018178	0.09486455775201841	-0.011600994836131806
HOUSE1411_1394_40.3645190347661	40.3645190347661	0.09327102249201841	-0.009227259493500783
HOUSE2531_12536_42.1286610630632	42.1286610630632	0.09580145110601843	-0.01124315725701816
HOUSE5199_5170_44.1149022101282	44.1149022101282	0.10413791009501841	-0.008025390739581056
HOUSE873_10396_41.5738347289152	41.5738347289152	0.10047252534901843	-0.005142253920091308
HOUSE2668_14609_42.4747359741856	42.4747359741856	0.09637222494591843	-0.01156424443045817
HOUSE2668_15546_42.1827978098365	42.1827978098365	0.09594729226961843	-0.011236830551948476
HOUSE605_10994_44.9738273276293	44.9738273276293	0.1046213078330184	-0.009755507477950565
HOUSE1090_12876_44.1662652211699	44.1662652211699	0.10260044105501842	-0.009695226113006591
HOUSE5494_15983_44.542966732526	44.542966732526	0.10569229727401841	-0.007574157954184521
HOUSE798_11947_44.0750129974913	44.0750129974913	0.09231141382681843	-0.0197490895137694
HOUSE1119_7620_41.4700748413237	41.4700748413237	0.08681569282681842	-0.01853168942645081
HOUSE220_13727_42.0651977336415	42.0651977336415	0.10136217207981843	-0.005518886521392319
HOUSE714_12335_42.2994244068496	42.2994244068496	0.10257738530481841	-0.004907293008208885
HOUSE1441_13503_41.9747360487393	41.9747360487393	0.10358310411481841	-0.0030648279366992243
HOUSE1965_9289_41.1826922572441	41.1826922572441	0.10058217771381844	-0.004024598056818887
HOUSE5303_5286_41.3388477402692	41.3388477402692	0.10806843965381843	0.0030592394864581846
HOUSE5393_5373_40.4495565002087	40.4495565002087	0.09813046971881842	-0.004586960195845757
HOUSE4354_4317_43.1190366658888	43.1190366658888	0.10781963535381842	-0.0017772452495218583
HOUSE1257_12224_44.7265267244781	44.7265267244781	0.11263672815381842	-0.0011027749468816433
HOUSE1365_9016_42.6552544302987	42.6552544302987	0.10538296669081842	-0.0030187122919796694
HOUSE5154_12138_44.9023948764874	44.9023948764874	0.11303405298381841	-0.0011586755406968324
HOUSE1760_13552_44.9415238636336	44.9415238636336	0.11045519887081842	-0.00383836798957618
HOUSE4634_15013_44.7638977853532	44.7638977853532	0.10320619650681842	-0.010629614621856187
HOUSE5387_5366_44.7359132936151	44.7359132936151	0.10335862671281842	-0.010405066280859326
HOUSE1759_10170_43.8149399368558	43.8149399368558	0.10056623910081844	-0.010824036448195157
HOUSE4117_11242_40.3099639852759	40.3099639852759	0.09284166958681841	-0.009516019942682113
HOUSE6019_11687_44.9376444981742	44.9376444981742	0.10748672779681842	-0.0067968416477030835
HOUSE1726_1723_42.9228353663348	42.9228353663348	0.10822558162081844	-8.656735118070108E-4
HOUSE5211_7353_40.013109576163	40.013109576163	0.10148759582081843	-1.0507762223066486E-4
HOUSE912_10883_40.2091728757723	40.2091728757723	0.09821543281881842	-0.0038825104587333487
HOUSE5019_12367_44.7374753588022	44.7374753588022	0.10967240614081844	-0.004095312412054436
HOUSE4805_4768_31.9324038232129	31.9324038232129	0.07916455400181843	-0.001603534388373129
HOUSE2831_11015_42.882597102944	42.882597102944	0.10516615500381843	-0.00382140310481191
HOUSE5911_5890_44.4067179252717	44.4067179252717	0.11941341583461842	0.006498084005999938
HOUSE2732_2732_42.1148346491022	42.1148346491022	0.10974656519461842	0.0027375885378101844
HOUSE5066_14526_42.5822427275125	42.5822427275125	0.10779012366561844	-4.2339868074105225E-4
HOUSE3871_11813_42.0528512515986	42.0528512515986	0.10429206968561844	-0.0025571711049620777
HOUSE2102_11886_40.0943820192967	40.0943820192967	0.10128149738381842	-5.206212433810226E-4
HOUSE2102_10053_42.972566713579	42.972566713579	0.10479296245381842	-0.0044264540921961915
HOUSE3704_3647_40.2035234517988	40.2035234517988	0.10407316862781843	0.0019897843397451292
HOUSE4484_7206_41.9007581598123	41.9007581598123	0.10638647370181842	-7.081177907897196E-5
HOUSE1171_13412_40.5517064256128	40.5517064256128	0.10271691671181843	-2.637612253274524E-4
HOUSE2050_11031_42.1444039640163	42.1444039640163	0.10773451983481844	6.493408347732071E-4
HOUSE3647_3591_42.5156274597466	42.5156274597466	0.10571319689581843	-0.002328652907099729
HOUSE1570_9233_41.9007143754196	41.9007143754196	0.10630544929031843	-1.5172335491364652E-4
HOUSE3045_3028_43.148499339415	43.148499339415	0.10991914807481842	2.463399510995168E-4
HOUSE3045_3029_42.7715565286592	42.7715565286592	0.10895546796381844	2.540697469361475E-4
HOUSE637_11577_44.575480959611	44.575480959611	0.11155622701581844	-0.0017940198152543857
HOUSE253_233_41.3545968067895	41.3545968067895	0.10910392511381845	0.0040541384203202635
HOUSE253_232_41.4952988056235	41.4952988056235	0.10405309804581842	-0.0013592882561057895
HOUSE4473_10321_30.9514979857486	30.9514979857486	0.06925401146981842	-0.008986208975959697
HOUSE775_12825_43.4010333184537	43.4010333184537	0.10155326601611843	-0.00877034112021248
HOUSE2268_2277_10.9010233429726	10.9010233429726	0.031176708268118424	0.004608065443665762
HOUSE1014_986_31.8666209725197	31.8666209725197	0.08834069103601842	0.00774212998801227
HOUSE2269_10670_40.0023838960181	40.0023838960181	0.1056152801416184	0.004050247581093153
HOUSE1272_12395_44.59988269801	44.59988269801	0.10500924950461842	-0.008403882437268154
HOUSE1894_7685_44.8231400021856	44.8231400021856	0.10754098945461842	-0.006447493312012539
HOUSE5340_9273_43.8004998886026	43.8004998886026	0.1018958735916184	-0.009457188869552421
HOUSE4740_11850_43.9829912816494	43.9829912816494	0.1114011515023184	-4.2220497178936667E-4
HOUSE2448_2464_41.4261835075855	41.4261835075855	0.10419560758531841	-0.0010386634075660595
HOUSE3243_14316_44.8794073742201	44.8794073742201	0.1217239265503184	0.007590438543989733
HOUSE4731_4703_43.6186659523357	43.6186659523357	0.1135326625803184	0.0026481998166311277
HOUSE396_7029_41.3724003672073	41.3724003672073	0.1095717610223184	0.004476093217751581
HOUSE3901_14309_44.7709669816344	44.7709669816344	0.1260852953333184	0.012231266355397202
HOUSE4062_11930_44.0048295309434	44.0048295309434	0.12455282305391842	0.012673187772769282
HOUSE2640_8643_30.1025431432862	30.1025431432862	0.08006743820231842	0.0040150380860256435
HOUSE3549_8968_43.5480777383782	43.5480777383782	0.13338254501601843	0.022679993376214194
HOUSE231_10915_41.3640081417196	41.3640081417196	0.11118685623601841	0.006112815826235449
HOUSE4048_8681_43.0684659711551	43.0684659711551	0.11344956523001841	0.003983009101527324
HOUSE2889_12992_42.2516737256359	42.2516737256359	0.1106470556200184	0.0032854343954024368
HOUSE2437_9891_40.1589763542721	40.1589763542721	0.10888885455001841	0.006920271474817413
HOUSE385_371_42.7826619626909	42.7826619626909	0.1103899513150184	0.0016599335613514954
HOUSE5054_11929_42.1785716817249	42.1785716817249	0.10454345299201842	-0.0026297787803016698
HOUSE2350_2363_40.2507876092568	40.2507876092568	0.09883098150011842	-0.0033742060681419273
HOUSE1225_10622_43.4610556009127	43.4610556009127	0.10455271996911841	-0.005925569092820021
HOUSE3921_3881_42.9157443367876	42.9157443367876	0.10527698081821842	-0.003796000199195723
HOUSE1573_12017_44.2133237964535	44.2133237964535	0.11495561122821842	0.002538670580695415
HOUSE403_12850_41.8490599140279	41.8490599140279	0.10825176403111841	0.0019277088087325117
HOUSE3527_7405_42.9531100384445	42.9531100384445	0.1119413132120184	0.00277203797773716
HOUSE935_15083_44.9989332908484	44.9989332908484	0.11521738031501842	7.758650530335365E-4
HOUSE2100_9979_44.7075955718538	44.7075955718538	0.1151249056920184	0.0014341895921108488
HOUSE1031_11784_40.2471535008897	40.2471535008897	0.10368087811101842	0.001485055912701691
HOUSE1597_9657_41.3520598774955	41.3520598774955	0.11682528969101842	0.011782040854666775
HOUSE1829_9883_43.8379869039636	43.8379869039636	0.11879744683101841	0.007347777518462356
HOUSE4473_15802_44.4649685921121	44.4649685921121	0.12232147926001842	0.00925603109217292
HOUSE6019_15099_44.7643409574591	44.7643409574591	0.12464044357801841	0.01080349036157395
HOUSE1180_11999_43.3022249350324	43.3022249350324	0.12449649005101841	0.014427519532750357
HOUSE2687_11604_40.6611246542844	40.6611246542844	0.10861444780401841	0.0053517908815007426
HOUSE2064_12831_43.991701445939	43.991701445939	0.1246718586040184	0.012826055382978055
HOUSE2768_11727_40.4492912325077	40.4492912325077	0.1039522552310184	0.0012355089311238132
HOUSE2069_13681_44.8604260148237	44.8604260148237	0.12064710533501839	0.006562533716101174
HOUSE746_13279_44.8414947198948	44.8414947198948	0.1227773338850184	0.00874154963362335
HOUSE6019_13267_43.2132452914877	43.2132452914877	0.11818805574501841	0.008348392444661734
HOUSE2180_13328_44.7444147378533	44.7444147378533	0.1192930182340184	0.00550741638064163
HOUSE999_12158_40.6984232892313	40.6984232892313	0.10632754876651843	0.0029687704630776135
HOUSE5107_6739_41.5118271042593	41.5118271042593	0.10939455126951841	0.003939570301825734
HOUSE5107_8759_40.5508915195242	40.5508915195242	0.10657401633051843	0.0035954384675085105
HOUSE1995_14075_44.4775071339535	44.4775071339535	0.11948416662651841	0.006386405695530936
HOUSE946_15062_43.7669192075669	43.7669192075669	0.1154739194315184	0.004207396905068689
HOUSE251_6812_40.1015100486305	40.1015100486305	0.10671835217451842	0.004897864080881373
HOUSE5695_7049_40.8433992503468	40.8433992503468	0.11335458830651841	0.009622196073159742
HOUSE3288_3251_41.6183977974565	41.6183977974565	0.10482813521651842	-9.014864239666048E-4
HOUSE808_14983_42.1122120486581	42.1122120486581	0.11345238721251842	0.00645016919383877
HOUSE808_13695_42.7578126860317	42.7578126860317	0.11376615313351841	0.005100173830342378
HOUSE5756_5742_42.1551689796615	42.1551689796615	0.11277145808151841	0.005658536828413552
HOUSE4373_4337_41.4504547881003	41.4504547881003	0.10563654088151841	3.397209775765492E-4
HOUSE248_12953_43.0244415408789	43.0244415408789	0.10738477996651842	-0.0019683219018227227
HOUSE4024_3986_40.4003253644912	40.4003253644912	0.10587020154651842	0.0032796439626062435
HOUSE2625_2633_31.9683624361642	31.9683624361642	0.08916821408671842	0.008307457652833555
HOUSE5304_13112_41.2605275897506	41.2605275897506	0.11649262804671842	0.011685264783917126
HOUSE5304_5289_40.3726079200756	40.3726079200756	0.11473784860071842	0.012218720950815387
HOUSE115_14770_44.8350971841884	44.8350971841884	0.12900399061571843	0.014984693293871337
HOUSE226_11372_41.1909851885866	41.1909851885866	0.11656784077991843	0.011939693502959828
HOUSE5464_13549_42.7986563890935	42.7986563890935	0.1257782363839184	0.017006999793286556
HOUSE5464_13591_44.3186750204768	44.3186750204768	0.12916703042591843	0.016478591769165857
HOUSE5401_12454_44.8620975145604	44.8620975145604	0.12887298572571843	0.014784106526560453
HOUSE116_6270_30.0555118561625	30.0555118561625	0.08336358730571843	0.007432390345288045
HOUSE4314_9626_41.8224333302438	41.8224333302438	0.10773558377771843	0.0014801472596426835
HOUSE5244_11077_40.8074549455498	40.8074549455498	0.10762036698771842	0.003980605924865821
HOUSE3874_10000_40.0067797806916	40.0067797806916	0.10466721163771842	0.003090850552548846
HOUSE3303_13409_42.04237179065	42.04237179065	0.11033062947871843	0.003508395045318094
HOUSE573_9571_41.7293016833719	41.7293016833719	0.11007700651171842	0.004061577235669578
HOUSE396_9078_41.4884414446484	41.4884414446484	0.10730033076467442	0.0019056163965181089
HOUSE3500_3444_43.6437420282999	43.6437420282999	0.11920921034367443	0.008260124650669665
HOUSE929_10249_44.4222053966951	44.4222053966951	0.11376117569167442	8.059314871112361E-4
HOUSE1986_11679_44.605990059486	44.605990059486	0.11842895771167443	0.0050000866410045836
HOUSE312_8507_22.4094401090406	22.4094401090406	0.05948724051311842	0.0032605441602074833
HOUSE5873_12799_43.7721740431152	43.7721740431152	0.11896693619571841	0.007686871563769501
HOUSE5873_7359_43.2065797711632	43.2065797711632	0.12003116587571841	0.010208680121378488
HOUSE526_8436_41.7405389726628	41.7405389726628	0.1197759908567184	0.013731602242988389
HOUSE4265_10446_40.1358136208728	40.1358136208728	0.1049185212847184	0.003009630311479425
HOUSE5506_9887_44.184002982604	44.184002982604	0.1223846267757184	0.010043248065542895
HOUSE1146_8884_43.4996067616005	43.4996067616005	0.1118563643437184	0.0012787260480405238
HOUSE158_8980_41.736366849082	41.736366849082	0.1097448777147184	0.0037112409765071297
HOUSE6019_14330_40.906370060984	40.906370060984	0.10651583823631841	0.0026211654989971994
HOUSE4827_4799_40.5821514813183	40.5821514813183	0.10823025583031841	0.005171118700205785
HOUSE1012_11303_42.0163129817229	42.0163129817229	0.1105739531263184	0.003818874198819336
HOUSE188_9686_42.383219008334	42.383219008334	0.1113279821823184	0.003627358893823443
HOUSE1595_13161_43.5319068272239	43.5319068272239	0.11168648380811841	0.001025605819726605
HOUSE4015_3970_42.4192029702596	42.4192029702596	0.1099533321181184	0.0021599754597213527
HOUSE2472_10882_41.3315922842156	41.3315922842156	0.10368382935931841	-0.0013066729533859761
HOUSE1041_12782_40.9508992239672	40.9508992239672	0.10696785262901841	0.002958424897489223
HOUSE1041_13762_44.6946137448587	44.6946137448587	0.11718193390671841	0.0035246729490553685
HOUSE4058_8139_30.6424773619238	30.6424773619238	0.08826732375271842	0.010823472641583787
HOUSE5043_5019_40.5023866012656	40.5023866012656	0.10850648354071842	0.00565290649157793
HOUSE512_11224_44.1157440426596	44.1157440426596	0.11872538345071841	0.006559913150519486
HOUSE209_7997_44.9037643149495	44.9037643149495	0.12501316464271842	0.010816906972531917
HOUSE2590_10723_43.6492112313863	43.6492112313863	0.11855362781771842	0.007590447577983897
HOUSE1592_9339_40.9712182404473	40.9712182404473	0.11380210552571841	0.009740314164103342
HOUSE2891_10501_43.3707611297723	43.3707611297723	0.11537929068071842	0.00513369724606226
HOUSE892_8622_43.9714352579926	43.9714352579926	0.11585699277071843	0.004063417036668654
HOUSE1569_14110_44.9411395655784	44.9411395655784	0.11969196834771842	0.00539939185224747
HOUSE740_13133_42.0906821377646	42.0906821377646	0.11073899661371842	0.0037922627908861806
HOUSE2977_11917_44.3790329166222	44.3790329166222	0.11480809748971843	0.0019641120057060646
HOUSE2837_12861_40.9987907158211	40.9987907158211	0.10534771916971843	0.00121487147019253
HOUSE1486_11806_42.5800712103955	42.5800712103955	0.11693422228271842	0.008726296098907002
HOUSE1486_11949_40.1071799350695	40.1071799350695	0.11032378961771842	0.008488689801293928
HOUSE1395_13966_43.1837487674784	43.1837487674784	0.10772327392711842	-0.002040374617624713
HOUSE1325_8749_41.3806201429825	41.3806201429825	0.10393302567211841	-0.0011838251113835963
HOUSE6019_11828_42.0438154053409	42.0438154053409	0.10547935267911841	-0.0013466020576605314
HOUSE1439_11382_43.812630897155	43.812630897155	0.11040973241211842	-9.745925683297824E-4
HOUSE36_29_31.5729146485257	31.5729146485257	0.08357192305151842	0.003730265238398936
HOUSE1753_12790_44.8275815369561	44.8275815369561	0.1156743742621184	0.0016744453271178572
HOUSE4628_15428_43.3058435495187	43.3058435495187	0.11400494479211842	0.003926648832800139
HOUSE1952_12469_42.6094015493017	42.6094015493017	0.11178626246511841	0.0035027497971736876
HOUSE5456_11609_41.3862799946116	41.3862799946116	0.11249027941511841	0.007358842769287027
HOUSE1792_12635_44.3965249564804	44.3965249564804	0.10393861989311842	-0.008950443890105866
HOUSE4856_13909_42.5007807841164	42.5007807841164	0.11101485307953686	0.0030112642737228634
HOUSE6019_12030_44.5919209998101	44.5919209998101	0.10825902939953687	-0.005133584648690653
HOUSE3850_9758_41.4314449893695	41.4314449893695	0.11507236056743686	0.009824530341205104
HOUSE5311_5295_31.3576272858772	31.3576272858772	0.08027436680243687	9.87520676729997E-4
HOUSE52_14845_40.9891430477137	40.9891430477137	0.11979637861543686	0.015688393680526658
HOUSE1533_1517_40.0053355424748	40.0053355424748	0.10240568458543686	8.33045410518915E-4
HOUSE4157_4119_41.6409637135748	41.6409637135748	0.10494820283043686	-8.395728690954868E-4
HOUSE2468_2488_40.6504584982634	40.6504584982634	0.09823353606043686	-0.005001633377690551
HOUSE2468_2489_41.7437618211268	41.7437618211268	0.10268391195343686	-0.0033687821826080405
HOUSE5497_5490_41.045989296858	41.045989296858	0.10400385776363685	-2.5062422071844837E-4
HOUSE682_8077_44.6517138437053	44.6517138437053	0.11357481210363686	2.810741019640406E-5
HOUSE1574_14963_41.4065071475506	41.4065071475506	0.10305151948043687	-0.00213204405624208
HOUSE2723_7764_43.6872716237314	43.6872716237314	0.10953822021693686	-0.0015230445096936357
HOUSE6019_11750_40.5837851203686	40.5837851203686	0.10127874007089285	-0.0017846070696308503
HOUSE5646_5629_44.8751109650314	44.8751109650314	0.11027449113343686	-0.003847924704035846
HOUSE2572_11605_44.3523042819486	44.3523042819486	0.11047180914043686	-0.0023032946464658227
HOUSE3813_9207_40.5730668711476	40.5730668711476	0.10803749161953687	0.0050017662114885675
HOUSE3788_11388_40.6979067157954	40.6979067157954	0.11446898609053686	0.011111539035600929
HOUSE482_13441_43.1591305730399	43.1591305730399	0.12158479132173686	0.011884585711262802
HOUSE6019_13805_41.295171638485	41.295171638485	0.11340748289473687	0.008510839318866203
HOUSE4547_13479_42.6805831055355	42.6805831055355	0.11795456104073687	0.009487608161342267
HOUSE2640_14111_44.1974743383325	44.1974743383325	0.12077423003603686	0.008398134631339593
HOUSE5186_5156_40.5557587792422	40.5557587792422	0.11412800205403686	0.011136880897523807
HOUSE1652_13702_44.8756503926912	44.8756503926912	0.12682588326953687	0.012702077286509461
HOUSE1404_1386_42.0927250881113	42.0927250881113	0.11552403629553687	0.008572037636370503
HOUSE560_12883_43.1200460354429	43.1200460354429	0.11045284136822686	8.533595438086627E-4
HOUSE2626_12500_41.4682405521799	41.4682405521799	0.11151362971822687	0.006170974565715234
HOUSE574_8033_40.748691394363	40.748691394363	0.10518781332282687	0.001699490340645718
HOUSE1889_12464_43.2266225830096	43.2266225830096	0.11417891458582687	0.00430477700146685
HOUSE1775_1780_32.6447353491881	32.6447353491881	0.08971357963882687	0.007109759457128509
HOUSE2434_10256_41.6868488398632	41.6868488398632	0.11546922918482687	0.00956320407190571
HOUSE2495_13298_43.8551213720348	43.8551213720348	0.11648783070482686	0.004994004582384012
HOUSE3771_9360_41.1778275661506	41.1778275661506	0.11338268023282687	0.00878844113615461
HOUSE2655_2659_42.9049807100091	42.9049807100091	0.12192689407382687	0.012881651730258667
HOUSE326_10245_42.3721620902706	42.3721620902706	0.12351989433382686	0.015847765552825854
HOUSE1248_9731_42.4557354580611	42.4557354580611	0.11722004285282686	0.009332539232187423
HOUSE315_13763_44.8465733020589	44.8465733020589	0.12255389487882686	0.008505022740128695
HOUSE1906_14358_44.0358851151896	44.0358851151896	0.11700995246682686	0.0050502846148512
HOUSE181_12617_44.7888672854929	44.7888672854929	0.11963047129982686	0.00573031189573131
HOUSE1909_11225_40.9723892309387	40.9723892309387	0.10697087954662686	0.002906070454651369
HOUSE1565_13581_40.0990015577326	40.0990015577326	0.10720065489362686	0.005386631369255768
HOUSE1721_15531_44.9952625473677	44.9952625473677	0.11509233415762686	6.602786770222163E-4
HOUSE6019_10913_41.6914384020492	41.6914384020492	0.11142275928762686	0.0055049065285792675
HOUSE3943_6264_44.5666490378521	44.5666490378521	0.12061665826862687	0.007289171962620966
HOUSE485_457_40.1558191704443	40.1558191704443	0.09629407694953687	-0.005666369826043835
HOUSE3787_11067_40.6314472464333	40.6314472464333	0.10422413879253688	0.0010379627768655059
HOUSE4318_4275_31.7980716268819	31.7980716268819	0.07717157075253687	-0.0032503334882305057
HOUSE3184_9567_41.4583210158091	41.4583210158091	0.10804956093753687	0.002732469174555066
HOUSE360_9085_42.9135768151798	42.9135768151798	0.11097231577253687	0.0019049206209437869
HOUSE5660_14846_43.5423815495268	43.5423815495268	0.11327221307503686	0.0025843409413103813
HOUSE2663_2672_41.676439522686	41.676439522686	0.10679849959103686	9.193000695338349E-4
HOUSE4611_13583_41.2511512287892	41.2511512287892	0.10136817741003687	-0.0034150222670212144
HOUSE687_652_41.1121455103735	41.1121455103735	0.09609885777303687	-0.008326113737511825
HOUSE1741_1732_42.5409724982455	42.5409724982455	0.10590063302853688	-0.002206532840332051
HOUSE208_190_40.3293616557494	40.3293616557494	0.10074470280553686	-0.0016629759762582658
HOUSE5261_12361_44.7727334053887	44.7727334053887	0.11139645014083686	-0.0024621310436409444
HOUSE1339_13489_44.9614431316216	44.9614431316216	0.11226060604483688	-0.0020842942637847306
HOUSE4461_14721_44.9184734959527	44.9184734959527	0.10928620266083687	-0.004947961672483264
HOUSE997_973_41.4083574809358	41.4083574809358	0.10156140842853688	-0.0036269235561136037
HOUSE949_13629_44.836264400148	44.836264400148	0.10964147101053688	-0.004380834314418977
HOUSE4912_4884_40.5208646786633	40.5208646786633	0.09841735260839286	-0.004483843832685172
HOUSE4912_11431_43.5893992151882	43.5893992151882	0.11151975674839286	7.107165623344153E-4
HOUSE3057_11502_44.0278905862942	44.0278905862942	0.11230698163839288	3.6791628724199E-4
HOUSE1128_10045_40.1492894445829	40.1492894445829	0.10658790620839285	0.0046442870263083
HOUSE4722_4696_44.8269008453934	44.8269008453934	0.11112612500239287	-0.002872049739375618
HOUSE4075_4032_44.5712941493048	44.5712941493048	0.10994569707739286	-0.003393760029367837
HOUSE3553_13657_43.433637513022	43.433637513022	0.10276508209039288	-0.007642548501762977
HOUSE292_263_44.5951258965042	44.5951258965042	0.11185996569239286	-0.0015409076150915135
HOUSE707_13887_42.9381298215594	42.9381298215594	0.10516575728239287	-0.0039649128089501995
HOUSE778_758_41.4035436243284	41.4035436243284	0.10057071734739288	-0.004605208967577518
HOUSE1371_7706_43.0373513952809	43.0373513952809	0.10765953228039286	-0.001726839251419976
HOUSE2443_14820_43.2585944620787	43.2585944620787	0.10761745976339286	-0.0023390717523055216
HOUSE3006_2997_40.1079052031084	40.1079052031084	0.10056473567839287	-0.0012722332081876037
HOUSE1075_12008_42.0336721162312	42.0336721162312	0.10310764787639286	-0.0036921668432590427
HOUSE1346_15855_42.9919842027239	42.9919842027239	0.10553950926069287	-0.003729947611819606
HOUSE1575_13607_41.5569621666453	41.5569621666453	0.10251169103669287	-0.0030596063734318474
HOUSE1436_10527_40.0086258824023	40.0086258824023	0.10103074236769287	-5.503762601055256E-4
HOUSE6019_12513_44.8244583154456	44.8244583154456	0.11765904896569286	0.0036671688068726227
HOUSE477_12404_44.5035286245154	44.5035286245154	0.11268411002589286	-4.807102387685974E-4
HOUSE1577_8430_43.0293857907973	43.0293857907973	0.10671911265289287	-0.0026467309184747406
HOUSE5056_9727_42.2240706446068	42.2240706446068	0.11179233782569287	0.004501851812057894
HOUSE5056_10477_41.074429784792	41.074429784792	0.10655661089869287	0.002228835642928653
HOUSE5644_5625_30.3642073943116	30.3642073943116	0.07267044898569286	-0.004056279539202262
HOUSE1867_11814_40.8764305484996	40.8764305484996	0.11126121695569287	0.007443700588524713
HOUSE974_959_42.2639221767895	42.2639221767895	0.10555946949869285	-0.001833716903595975
HOUSE1002_10965_41.6981864778791	41.6981864778791	0.10653784759169288	6.026045348966613E-4
HOUSE3572_10924_41.9990488595329	41.9990488595329	0.10051352292169287	-0.006197065067526791
HOUSE5187_6898_40.2626617639598	40.2626617639598	0.09115414442349287	-0.011081643732402183
HOUSE1970_9898_40.8760359918233	40.8760359918233	0.10165698236349287	-0.002159517201515318
HOUSE50_9299_42.7057555207544	42.7057555207544	0.09999429351149286	-0.00853753057070733
HOUSE5050_5025_44.3373713339679	44.3373713339679	0.10756215069649286	-0.005174469762985065
HOUSE2470_12614_40.4825561179314	40.4825561179314	0.10392334837349287	0.0011208759678646707
HOUSE3674_3615_44.2638048727531	44.2638048727531	0.11465091822269285	0.0021038840537497827
HOUSE3886_3843_41.8404813665964	41.8404813665964	0.10981864991569287	0.0035167022537204856
HOUSE2667_12691_42.0744910265785	42.0744910265785	0.10625437676569288	-6.506313487292664E-4
HOUSE1337_7480_40.6123445902539	40.6123445902539	0.10489341559969287	0.001756468562344099
HOUSE346_15332_42.1172147574325	42.1172147574325	0.10730157209969288	2.8646172512844514E-4
HOUSE3607_6598_40.4054833891909	40.4054833891909	0.10942678108969286	0.006822930889102449
HOUSE1880_12841_40.7875923102256	40.7875923102256	0.10253170694769287	-0.001056866613556695
HOUSE2213_2236_40.3123551397914	40.3123551397914	0.10815625867769288	0.00579240696358807
HOUSE3111_3082_43.8641903421561	43.8641903421561	0.10586378011969289	-0.005653417419233461
HOUSE5763_11751_42.2391779716922	42.2391779716922	0.10678300483969289	-5.464138894040321E-4
HOUSE259_238_40.6886126906517	40.6886126906517	0.09912915420769287	-0.004204341447080068
HOUSE4132_4093_42.7828625112306	42.7828625112306	0.10538628514769288	-0.003344249434608773
HOUSE4472_13210_43.7014862292954	43.7014862292954	0.10737775859069287	-0.003720138241054466
HOUSE5422_10500_44.2878752908649	44.2878752908649	0.11292501883069286	3.159533881764154E-4
HOUSE5833_11453_44.1151000087982	44.1151000087982	0.10616502119669288	-0.005998789379920794
HOUSE4459_4429_40.7287690660335	40.7287690660335	0.10076210191169287	-0.002674879735531599
HOUSE931_13920_43.617670226933	43.617670226933	0.10598612473369287	-0.004895771970918422
HOUSE3405_10341_41.1131335704529	41.1131335704529	0.10579056055369288	0.001363042738181497
HOUSE3405_14986_40.7982625517632	40.7982625517632	0.10297221348669286	-6.438580876297895E-4
HOUSE4068_11861_40.4059549806827	40.4059549806827	0.10920261835709287	0.006597552829842701
HOUSE2193_2217_43.912950711274	43.912950711274	0.10961811185709287	-0.0020247448117348132
HOUSE1708_8735_30.4323865762139	30.4323865762139	0.08119232176669287	0.0042898903742802225
HOUSE1407_9797_40.0009061821909	40.0009061821909	0.10065845824669287	-9.02766134420932E-4
HOUSE2325_10009_42.1919010096415	42.1919010096415	0.11556787834469287	0.008360295894179179
HOUSE5462_15146_44.9965768196121	44.9965768196121	0.11265664632169287	-0.0017787961371006772
HOUSE2905_11959_43.7084382586181	43.7084382586181	0.10723261909569287	-0.0038831936372575038
HOUSE4492_9598_42.7022652405719	42.7022652405719	0.10698720114569288	-0.0015356282225873902
HOUSE135_13391_41.0671833650056	41.0671833650056	0.10662317626469288	0.0023140755764459453
HOUSE135_12770_42.3835632921721	42.3835632921721	0.11088344157569287	0.0031819310419141517
HOUSE2976_2965_40.129166936757	40.129166936757	0.09987987367069287	-0.0020118882988525294
HOUSE518_13560_43.233166259015	43.233166259015	0.10481113310069287	-0.00507986802773111
HOUSE5187_5159_43.7154693237972	43.7154693237972	0.11723851336469286	0.00610458104920715
HOUSE3390_3339_43.0853381629705	43.0853381629705	0.11593629634469287	0.00642625931190581
HOUSE1688_6498_40.0665495460399	40.0665495460399	0.11675409546669287	0.01502370321145742
HOUSE1065_13248_40.6889068618459	40.6889068618459	0.11537800733469286	0.012043753578679636
HOUSE244_10301_40.1517077892734	40.1517077892734	0.10699354271269287	0.0050436912748828555
HOUSE5027_5002_44.8157815465836	44.8157815465836	0.11905777725769286	0.0050882577832824655
HOUSE3075_3052_42.6445425799632	42.6445425799632	0.11635900505769287	0.00798493131696211
HOUSE1235_8135_31.9161440265515	31.9161440265515	0.08108643348369286	3.602478095349748E-4
HOUSE5318_10056_40.9551697116226	40.9551697116226	0.10879413708059286	0.004773703981944016
HOUSE980_8454_41.2232005270198	41.2232005270198	0.10426620623059288	-4.449623907531036E-4
HOUSE4006_7591_44.83269761749	44.83269761749	0.11163220907769288	-0.0023809043807234004
HOUSE1910_6435_41.6017068837102	41.6017068837102	0.10526618496769288	-4.2042293568224365E-4
HOUSE4716_4689_40.18927478448	40.18927478448	0.09423248903669287	-0.00781417536656566
HOUSE4027_8944_40.8693099404115	40.8693099404115	0.11373223231169287	0.009933066285855302
HOUSE915_898_16.1552463686094	16.1552463686094	0.04037977601104887	2.7060620427041965E-4
HOUSE3230_11940_40.1155655501848	40.1155655501848	0.10175074790304886	-1.0596227273380887E-4
HOUSE2664_2675_41.7563869257857	41.7563869257857	0.09619461222304887	-0.009890617755013834
HOUSE5485_5473_42.6964123401051	42.6964123401051	0.09591258255304887	-0.012595163451562058
HOUSE2020_10465_44.9639105435926	44.9639105435926	0.11047237492904886	-0.0038788840853617446
HOUSE5701_8534_42.0989666855894	42.0989666855894	0.09699599131804887	-0.009972092406150462
HOUSE3842_12829_41.8752974018845	41.8752974018845	0.10144033668144886	-0.004951334515846617
HOUSE5695_16696_44.9818152314957	44.9818152314957	0.10691598888044887	-0.007481411858148018
HOUSE2594_8338_42.7659757964176	42.7659757964176	0.10164015301324887	-0.007046863237902282
HOUSE2144_8419_41.3041593846464	41.3041593846464	0.10892776604189286	0.0040079603697779215
HOUSE2066_14006_43.7638811517713	43.7638811517713	0.11123953496489286	-1.9158263814184062E-5
HOUSE6019_13621_40.5556526184039	40.5556526184039	0.10494427193889286	0.0019534243668257595
HOUSE2084_8520_44.4671069452469	44.4671069452469	0.11450566122079285	0.0014347023564698358
HOUSE2371_10076_44.1923656314611	44.1923656314611	0.11639067824079286	0.004027748357029778
HOUSE1602_14318_42.1557855023796	42.1557855023796	0.10640453163479287	-7.099784436166989E-4
HOUSE4627_9230_42.9716955428012	42.9716955428012	0.11277579590189286	0.003558624428340054
HOUSE2694_10258_40.1418625953333	40.1418625953333	0.10117188231189286	-7.525973224094262E-4
HOUSE2276_11247_42.3919281524673	42.3919281524673	0.09375167610889286	-0.013971391297515345
HOUSE2441_10851_40.1650486897389	40.1650486897389	0.09648786169889287	-0.005496370240437587
HOUSE4578_7156_43.8650823816905	43.8650823816905	0.10008367198889286	-0.011435824402846906
HOUSE5347_5322_42.6510292396415	42.6510292396415	0.10855847850689286	1.6768815745123178E-4
HOUSE2279_9935_31.0284946551959	31.0284946551959	0.07499836271384885	-0.0034402839264614377
HOUSE3005_12284_44.35819603852	44.35819603852	0.11259648887089285	-1.9379841477626392E-4
HOUSE1639_1634_44.5177338455013	44.5177338455013	0.10962283278089285	-0.0035785954041235163
HOUSE1240_1227_41.7514777673544	41.7514777673544	0.10667010180089286	5.975230924612912E-4
HOUSE1240_10633_40.8041713520137	40.8041713520137	0.10163915283089286	-0.001992146165036096
HOUSE5599_8110_40.5873386616184	40.5873386616184	0.10403812106589287	9.656161829321025E-4
HOUSE1357_7832_43.7535972784633	43.7535972784633	0.11039459509689288	-8.375958186595117E-4
HOUSE764_745_44.4386932142732	44.4386932142732	0.11828671205689288	0.005288977509284365
HOUSE367_13074_40.0742801302436	40.0742801302436	0.10251472799589288	7.644134451079976E-4
HOUSE3001_14252_44.9665354263798	44.9665354263798	0.11917089536889287	0.004812871834584245
HOUSE2507_9310_40.3456136048771	40.3456136048771	0.10449486099189288	0.002045299717747251
HOUSE6019_12380_41.6117074962982	41.6117074962982	0.11528729655649288	0.009574916324092714
HOUSE1076_14019_43.9937332682768	43.9937332682768	0.12265826933489289	0.010807229955232325
HOUSE5591_13634_42.7826322747317	42.7826322747317	0.11497055752389287	0.006240616278324451
HOUSE1749_8170_42.8643170767464	42.8643170767464	0.11732678667189288	0.008386337562396845
HOUSE350_7481_41.2565960397478	41.2565960397478	0.10399163035089287	-8.056010125513519E-4
HOUSE3882_6305_44.4144131500421	44.4144131500421	0.11782342377589287	0.00488826077563774
HOUSE4201_4154_42.8183299361262	42.8183299361262	0.10756300955589286	-0.0012589272416267672
HOUSE846_9738_44.3745381549713	44.3745381549713	0.11437314861289287	0.0015407464669147386
HOUSE4156_4116_41.2215419689638	41.2215419689638	0.10453308394149287	-1.738104512945815E-4
HOUSE4156_4117_41.4860962764241	41.4860962764241	0.10505609954149288	-3.32571152182104E-4
HOUSE498_10612_40.7316165737984	40.7316165737984	0.10424560410589287	8.012842174984353E-4
HOUSE4937_4910_44.2481239896141	44.2481239896141	0.11236238011589288	-1.4424324060194338E-4
HOUSE4879_11891_43.4422313724675	43.4422313724675	0.10566184737589286	-0.004767930236885529
HOUSE2032_2033_42.6337429205887	42.6337429205887	0.11641672225089288	0.008070480042711617
HOUSE2510_12800_42.0254548373223	42.0254548373223	0.10315056545989286	-0.003628072715435665
HOUSE489_11402_40.5929613506458	40.5929613506458	0.10183869567989287	-0.0012482992945842403
HOUSE568_537_40.0186551185377	40.0186551185377	0.10076863392189288	-8.383307999599438E-4
HOUSE5819_5797_44.9455510600467	44.9455510600467	0.11282914988889288	-0.0014747953588348517
HOUSE533_13175_43.8430054311175	43.8430054311175	0.11071241729289287	-7.50185140698828E-4
HOUSE4956_4932_42.8469018968728	42.8469018968728	0.11421993968189288	0.0053243707976613625
HOUSE1675_14218_42.8219227472002	42.8219227472002	0.10126775926989288	-0.007563436471347343
HOUSE1949_15682_44.445910282368	44.445910282368	0.10734505127309288	-0.005671282200521252
HOUSE4637_4602_40.0069274174494	40.0069274174494	0.09051885632309287	-0.011057885233079323
HOUSE5200_12238_41.9983755909833	41.9983755909833	0.10775848446089288	0.0010496315352435531
HOUSE2546_12524_42.1712226608716	42.1712226608716	0.10252668333089288	-0.004627609463262003
HOUSE167_14700_42.8979631144036	42.8979631144036	0.10341540342349288	-0.005611754049641829
HOUSE1520_1499_40.2862845880862	40.2862845880862	0.09308936774649289	-0.009207298199690378
HOUSE2957_11039_43.3575524040498	43.3575524040498	0.10519060780949288	-0.005020945747873151
HOUSE5088_12604_44.2229643447075	44.2229643447075	0.10658662570489288	-0.0058551593588493656
HOUSE2779_7341_40.4293812314494	40.4293812314494	0.09444274380089288	-0.008222692932347883
HOUSE2391_7016_44.5193070214585	44.5193070214585	0.11730298753199288	0.004097505154493142
HOUSE5_12965_42.4570286776237	42.4570286776237	0.09788247802599287	-0.010008358318494795
HOUSE1973_12723_44.1042881497459	44.1042881497459	0.10960489469699287	-0.0025310529075862065
HOUSE3216_13136_43.7397684075404	43.7397684075404	0.11349172448699288	0.0022951716094440078
HOUSE4169_4129_32.043453413251	32.043453413251	0.07303082979699285	-0.008023441719219496
HOUSE921_906_40.8760685550585	40.8760685550585	0.11060929694039287	0.006792713457484223
HOUSE642_9873_43.081168085095	43.081168085095	0.11576109130519287	0.006261800875988502
HOUSE860_11193_42.6409964391496	42.6409964391496	0.11709308966519287	0.008728154595419799
HOUSE336_11716_42.2084051021375	42.2084051021375	0.11287920677019288	0.005629092034949268
HOUSE1252_1238_42.1365812397552	42.1365812397552	0.11096784304419287	0.003902823791538612
HOUSE4830_9693_40.226424655918	40.226424655918	0.10663347748219287	0.0044910750727359255
HOUSE4830_9725_41.5623203350697	41.5623203350697	0.11261671165219288	0.007031605839993779
HOUSE2513_12096_40.7076971393665	40.7076971393665	0.10112718294279288	-0.0022554947683002258
HOUSE4282_4241_44.0415558675986	44.0415558675986	0.11166828319079286	-3.059986156399158E-4
HOUSE2079_13808_44.0881497855298	44.0881497855298	0.11248751385079286	3.931560217243363E-4
HOUSE1686_11556_42.4466575740555	42.4466575740555	0.10817734041279287	3.132311803856064E-4
HOUSE1409_13529_42.9237028444186	42.9237028444186	0.10457810179469289	-0.004515388894044833
HOUSE3415_8465_41.5134193425837	41.5134193425837	0.10664240803469287	0.0011833237493662219
HOUSE3996_3953_40.5455202233522	40.5455202233522	0.09901074149469287	-0.003953994135052083
HOUSE2739_6355_40.06587624726	40.06587624726	0.09715548352469287	-0.00457317358906649
HOUSE2011_8741_42.0711229970451	42.0711229970451	0.10078478375579288	-0.006111544693805052
HOUSE5298_11627_44.4495913607534	44.4495913607534	0.09584183887779288	-0.017183981011026403
HOUSE2259_11794_44.5151798139805	44.5151798139805	0.12957017633989287	0.016375330085744738
HOUSE4788_10992_44.4314361969009	44.4314361969009	0.11788032383189284	0.0049012911625756495
HOUSE2547_7880_40.0466336289488	40.0466336289488	0.10723771530189286	0.005558647859371685
HOUSE5686_5674_23.8966248932941	23.8966248932941	0.059047668173892856	-0.0010116149574311076
HOUSE5432_5415_44.3596335522088	44.3596335522088	0.12176276984889285	0.00896877798258533
HOUSE1497_8576_40.3731074097677	40.3731074097677	0.10825219155889287	0.005731776686574597
HOUSE3297_14339_43.5050059639176	43.5050059639176	0.11118908904889287	5.975366037202084E-4
HOUSE3376_8469_40.6486060290649	40.6486060290649	0.09961776956889287	-0.0036126259171118807
HOUSE5399_7751_40.8449326383148	40.8449326383148	0.10272356506489286	-0.0010127788243155522
HOUSE5854_5835_41.1796569016041	41.1796569016041	0.10048882993789286	-0.004110123493505383
HOUSE1722_10827_40.4448011866098	40.4448011866098	0.09796955988649286	-0.004735615228216847
HOUSE2271_2283_41.3189425426266	41.3189425426266	0.10633561866549286	0.001377715686023781
HOUSE1839_14860_43.5379975127299	43.5379975127299	0.11583182757949285	0.005155253437543708
HOUSE6019_14087_44.5302366744551	44.5302366744551	0.11697325822539285	0.0037396093120255353
HOUSE1903_15209_43.2637806493199	43.2637806493199	0.11370559205539285	0.0037356953460336295
HOUSE5675_5662_43.3769391194253	43.3769391194253	0.11447116351849286	0.004209648940941765
HOUSE6019_14271_42.4202538724057	42.4202538724057	0.11026028977649285	0.002464224864411918
HOUSE902_12908_44.7952907387981	44.7952907387981	0.11807888959949285	0.00416217647425253
HOUSE5795_9026_42.0581997367704	42.0581997367704	0.10705885708349286	1.9583284530648448E-4
HOUSE2646_13684_40.4550820769871	40.4550820769871	0.10590885720749287	0.003177187466864753
HOUSE2339_15837_44.9450695714526	44.9450695714526	0.12512983033749286	0.010827125922000136
HOUSE6019_15115_44.5358149011336	44.5358149011336	0.11538242525261286	0.0021344008305384937
HOUSE73_11438_41.463428443095	41.463428443095	0.10926645717461285	0.003936203188284693
HOUSE67_11933_42.4411014525685	42.4411014525685	0.11106467201961286	0.003214881329175495
HOUSE5512_5502_44.9188959307503	44.9188959307503	0.12048277911861285	0.006247526139122342
HOUSE596_11849_44.5461357959246	44.5461357959246	0.11194206049061285	-0.0013325616517557148
HOUSE571_12593_41.7492614717493	41.7492614717493	0.10696182629961286	8.949591512531219E-4
HOUSE142_10372_43.5202263959218	43.5202263959218	0.10899976175161286	-0.0016310148888842163
HOUSE1286_1263_44.8666841776644	44.8666841776644	0.11779441545261286	0.0036937160784803053
HOUSE835_12954_44.3806379021806	44.3806379021806	0.11876918346261287	0.00592106181038804
HOUSE681_16589_44.9697594394706	44.9697594394706	0.11957343478761287	0.005207102729658714
HOUSE6004_5982_41.4900976755683	41.4900976755683	0.10558578943061285	1.8680683110236518E-4
HOUSE3014_10346_41.1127726231907	41.1127726231907	0.10570927862861286	0.001282691001279479
HOUSE3870_13092_44.5079945517866	44.5079945517866	0.11647691797061285	0.003300588676277208
HOUSE6019_12495_41.5689280227283	41.5689280227283	0.10819958738861286	0.0025974530695164477
HOUSE2585_10330_44.9168701647456	44.9168701647456	0.11645498137661286	0.0022249489481177553
HOUSE4741_4712_30.1049765225231	30.1049765225231	0.07987824380561286	0.0038195726884404785
HOUSE2431_9835_40.2487729371026	40.2487729371026	0.09359511198589286	-0.008604883621057255
HOUSE4196_6830_42.1354496898777	42.1354496898777	0.11192011999589287	0.004858016832177611
HOUSE1946_12779_41.2091902818065	41.2091902818065	0.10162657334789287	-0.003048489820293987
HOUSE1303_9628_40.3047280406079	40.3047280406079	0.10655495754789286	0.004210761440675545
HOUSE1807_10271_44.3389016357728	44.3389016357728	0.10356302141529286	-0.009177542746760914
HOUSE2616_13940_42.3894342858275	42.3894342858275	0.09742527094529287	-0.010291369579659829
HOUSE1735_6811_43.573144444963	43.573144444963	0.10318945349529288	-0.007577696928235136
HOUSE2835_15602_44.3186444846263	44.3186444846263	0.10886809225529287	-0.0038202677082817132
HOUSE1037_15687_44.6683787181639	44.6683787181639	0.10513415503829286	-0.008455496287059244
HOUSE726_7172_40.3338284959644	40.3338284959644	0.10347383752529286	0.0010546473610988927
HOUSE4608_12400_42.7159171842504	42.7159171842504	0.10955389438529287	9.95882933793435E-4
HOUSE4608_12990_42.0613879803568	42.0613879803568	0.10693057926729287	5.9338686157733855E-5
HOUSE5539_12681_42.8747622563969	42.8747622563969	0.10046762856329287	-0.008499738557905881
HOUSE6019_15250_44.9674047436251	44.9674047436251	0.11541611817789287	0.001055854347814758
HOUSE5224_13830_44.3829414899306	44.3829414899306	0.11563389637389286	0.0027798382031889446
HOUSE4128_7385_41.4171830273699	41.4171830273699	0.10397484545489287	-0.0012362306251341576
HOUSE2860_13124_40.0398861847324	40.0398861847324	0.09511961222189287	-0.006542066550595069
HOUSE5051_10902_40.0005812106493	40.0005812106493	0.09492978966229287	-0.0066305972427743165
HOUSE4888_14351_44.0988562439861	44.0988562439861	0.10088883442429286	-0.011233114751565715
HOUSE5131_9101_43.6950154229389	43.6950154229389	0.10188913105329286	-0.009192090024943436
HOUSE855_16063_44.920939619425	44.920939619425	0.10355172413829286	-0.010688795580258426
HOUSE1043_14746_44.218266797252	44.218266797252	0.10604385953229287	-0.0063858195991808725
HOUSE2000_11731_40.6113597066599	40.6113597066599	0.09564965624389285	-0.0074847526745344395
HOUSE1697_1699_42.8863367170561	42.8863367170561	0.10577409876389285	-0.003223096610902504
HOUSE580_13792_41.3671719084959	41.3671719084959	0.10258470475089285	-0.002497488923262639
HOUSE990_11231_40.6158406417269	40.6158406417269	0.11161832364989284	0.008472367025575495
HOUSE2740_2743_40.4680883810773	40.4680883810773	0.11235588588989284	0.00959069792770953
HOUSE3134_3102_40.65908487862	40.65908487862	0.09971069763589284	-0.003546702631685189
HOUSE5507_10874_42.7451172275792	42.7451172275792	0.11057527395589284	0.0019420118017396543
HOUSE848_15302_43.8520333129214	43.8520333129214	0.11193072921889284	4.448612564945942E-4
HOUSE848_8935_44.9019997658576	44.9019997658576	0.11310131186389284	-0.001090398430882697
HOUSE4316_7170_24.6794880856121	24.6794880856121	0.06005064526539287	-0.0020261350538748543
HOUSE5116_11288_41.3960851111406	41.3960851111406	0.10822210030239285	0.003065395135549334
HOUSE1217_13332_43.7349355444357	43.7349355444357	0.10653706550739285	-0.004647032719306263
HOUSE1623_10351_40.9704408024435	40.9704408024435	0.10309283568739284	-9.669521581521512E-4
HOUSE4315_4268_40.2380051416688	40.2380051416688	0.09448093347339286	-0.007691312716773813
HOUSE2244_10522_40.8771437871203	40.8771437871203	0.10120051986909284	-0.0026188345675180053
HOUSE1242_11638_44.2535613095408	44.2535613095408	0.10866183497489285	-0.0038588007630368237
HOUSE3615_3561_44.9713083894456	44.9713083894456	0.10436325952169286	-0.010007064296570764
HOUSE6019_13729_44.5351599686059	44.5351599686059	0.10656087879369286	-0.006685457818115442
HOUSE1007_13421_41.6592297090234	41.6592297090234	0.09912404656469286	-0.006710801975680858
HOUSE3370_13624_43.6468749208276	43.6468749208276	0.10597952810769286	-0.004977631284429199
HOUSE6019_12915_43.1339896330356	43.1339896330356	0.10359266777809285	-0.006042747743565335
HOUSE1147_13460_43.5544881823623	43.5544881823623	0.10363773419009285	-0.007081337644859534
HOUSE1185_1158_41.8446394696366	41.8446394696366	0.10135793891869285	-0.004954724486813139
HOUSE5802_11737_44.393777580699	44.393777580699	0.11228468295709283	-5.973006325962621E-4
HOUSE2895_2893_40.2629837490708	40.2629837490708	0.10030135358839284	-0.0019352643472930753
HOUSE924_7540_42.6219237318206	42.6219237318206	0.10562061555239284	-0.0026951677194922696
HOUSE2526_10428_42.2637011576444	42.2637011576444	0.10805272423539285	6.601074160248882E-4
HOUSE4202_13368_42.6066037716921	42.6066037716921	0.10353857604639284	-0.0047377265387235495
HOUSE6019_9464_40.4527382122811	40.4527382122811	0.09778325673739285	-0.004942372688018407
HOUSE3071_11694_43.4196601280806	43.4196601280806	0.10781470981319285	-0.002556900009190219
HOUSE5111_5071_40.8935398822256	40.8935398822256	0.09827127190319285	-0.0055903365007686084
HOUSE711_10546_44.9296677701545	44.9296677701545	0.10892230302539285	-0.005340709792496248
HOUSE4422_8020_40.7543571702559	40.7543571702559	0.09615827203539284	-0.0073446520763900125
HOUSE3629_3571_42.2149898623004	42.2149898623004	0.11016979827589284	0.0029027141196286688
HOUSE6019_9471_44.5033683719748	44.5033683719748	0.11218536948659286	-9.790377952470924E-4
HOUSE4968_12560_44.5456538966391	44.5456538966391	0.11543183361459286	0.0021584533628418306
HOUSE2901_10334_44.6405232842945	44.6405232842945	0.11432734843059286	8.094826484262435E-4
HOUSE2538_13101_43.6576519304692	43.6576519304692	0.10991657611859286	-0.0010683564360175202
HOUSE483_13746_41.5278547792695	41.5278547792695	0.10492097169159285	-5.753137972213385E-4
HOUSE5853_12735_44.9775912146618	44.9775912146618	0.11585088531359286	0.0014643701833217254
HOUSE6019_13851_41.7960953530872	41.7960953530872	0.10703753166059286	8.499700858928816E-4
HOUSE2173_15476_44.9963653795561	44.9963653795561	0.11487262863759286	4.377310756888131E-4
HOUSE3877_3833_43.2660769369095	43.2660769369095	0.09213510233409286	-0.017840712080684357
HOUSE3877_6516_44.9615812767045	44.9615812767045	0.09829574377509286	-0.016049512543772973
HOUSE6019_15376_43.1378655598793	43.1378655598793	0.09298169956409286	-0.016663704511867772
HOUSE5253_15497_43.9227893411404	43.9227893411404	0.10043671773309286	-0.011231493823132085
HOUSE150_132_42.0806865591237	42.0806865591237	0.10229008836019286	-0.0046308861064737195
HOUSE3385_3333_40.4278953754233	40.4278953754233	0.09708808910219285	-0.005573518468578953
HOUSE1451_11116_42.1015692043343	42.1015692043343	0.10155434133219286	-0.005420449278089393
HOUSE1046_14808_44.6614290551699	44.6614290551699	0.10854487738019286	-0.005026864142162829
HOUSE2798_12240_40.0930096703709	40.0930096703709	0.09535538326019286	-0.006443198720851986
HOUSE3694_9599_40.663662208699	40.663662208699	0.10825867545959286	0.004989479068945965
HOUSE1290_9156_42.077930761734	42.077930761734	0.10708369710654887	1.6982453653398288E-4
HOUSE5179_13883_40.6223453825805	40.6223453825805	0.10957650775654887	0.006413787926975209
HOUSE1081_10866_40.2211992965561	40.2211992965561	0.10495764499554887	0.002828708729247051
HOUSE2206_12566_41.5876445561042	41.5876445561042	0.10536796117730488	-2.824070526772082E-4
HOUSE1998_14495_42.2268998995325	42.2268998995325	0.10657994518730488	-7.17832028563889E-4
HOUSE1844_1841_42.807099801265	42.807099801265	0.12468294701034888	0.01588995111300827
HOUSE1330_10653_41.366506627528	41.366506627528	0.10859752874434886	0.0035170495491663317
HOUSE1350_1328_40.9519664481236	40.9519664481236	0.10363987991434886	-3.722981339094461E-4
HOUSE4977_11282_41.0159726096327	41.0159726096327	0.09530524171434886	-0.008871885014755373
HOUSE1560_14168_43.3712297363672	43.3712297363672	0.10456247621134887	-0.005684324857663764
HOUSE1390_10451_42.4036553031593	42.4036553031593	0.10929673249134886	0.0015434433376726037
HOUSE119_12935_41.7168869834859	41.7168869834859	0.08892437220544885	-0.017059063457469437
HOUSE660_11939_41.3604795071296	41.3604795071296	0.09461488331544886	-0.010450063538228166
HOUSE1850_10542_41.2075018822013	41.2075018822013	0.09698122308544886	-0.007689488950268053
HOUSE1850_10105_41.2995202851668	41.2995202851668	0.10015303843544887	-0.004754811929217048
HOUSE4444_4411_41.31631509587	41.31631509587	0.11611437532654886	0.011163243474519316
HOUSE1114_1086_24.3212972837978	24.3212972837978	0.06326559694754885	0.002111901201037658
HOUSE1218_1201_40.1764207303045	40.1764207303045	0.10196416523114885	-4.937331000860745E-5
HOUSE1636_7746_43.2349048194678	43.2349048194678	0.10932131366214887	-5.741678670130868E-4
HOUSE3545_3494_44.4990726991091	44.4990726991091	0.11225571431114886	-8.976226993947511E-4
HOUSE91_11900_41.7697929190564	41.7697929190564	0.10442200498014886	-0.0016977732484774605
HOUSE91_12248_44.5241798774805	44.5241798774805	0.11025536587014886	-0.002962674222949338
HOUSE454_10794_44.0171987516806	44.0171987516806	0.11083994930114885	-0.001071562389951916
HOUSE1250_13699_44.8119286249857	44.8119286249857	0.11332963143714886	-6.299587692037006E-4
HOUSE1250_13260_43.0784530529736	43.0784530529736	0.10673665558914885	-0.0027556379985589907
HOUSE5696_6869_43.0369712306752	43.0369712306752	0.10668512868214886	-0.0027002631369498348
HOUSE5472_5462_42.7810904220678	42.7810904220678	0.10783660103574885	-8.893667398133659E-4
HOUSE1055_7886_44.4436125353417	44.4436125353417	0.11523021256574886	0.002219800558630594
HOUSE891_12819_42.222404191961	42.222404191961	0.10713612504574888	-1.5006639437729896E-4
HOUSE1801_1807_40.3204933954139	40.3204933954139	0.10219559585914886	-1.8922875034081688E-4
HOUSE1801_12968_44.0076687023975	44.0076687023975	0.10896970007114887	-0.002917251967871834
HOUSE3827_3782_40.8073470089585	40.8073470089585	0.11422383185654886	0.010584348954390949
HOUSE2182_11961_42.5191462905024	42.5191462905024	0.09473267867054887	-0.013318239423258868
HOUSE2202_12333_42.9719808639493	42.9719808639493	0.09978114638054886	-0.009436760387011384
HOUSE2431_2446_23.405600634517	23.405600634517	0.05752079172554886	-0.0012730850474026376
HOUSE1334_10717_44.3577861727681	44.3577861727681	0.13282443702654886	0.020035205995676236
HOUSE4158_4120_41.8310256692074	41.8310256692074	0.11825121897654886	0.011973639356246527
HOUSE2328_14340_41.4275609224569	41.4275609224569	0.10103484590154886	-0.00420297479281212
HOUSE1610_9659_42.4264843973736	42.4264843973736	0.09907488661454886	-0.008737234827875431
HOUSE3746_3698_42.0021069038194	42.0021069038194	0.10240563572454886	-0.004312833074254355
HOUSE3746_12153_40.0866988658615	40.0866988658615	0.09760637155354886	-0.004175947010750497
HOUSE1160_6462_42.9167647498542	42.9167647498542	0.10018599270164885	-0.008889617996803587
HOUSE4746_13751_41.0300708995378	41.0300708995378	0.09976692510564886	-0.004446533974391598
HOUSE4814_14197_44.6259008603524	44.6259008603524	0.10640715445564886	-0.007073028242840326
HOUSE940_14344_43.8542077296447	43.8542077296447	0.10880495702164886	-0.002686514575800464
HOUSE347_15352_43.6168355366527	43.6168355366527	0.10751381288164885	-0.0033659327634799757
HOUSE2524_2540_40.8266729288027	40.8266729288027	0.10685549229154885	0.0031662050438517886
HOUSE431_15872_44.8580528341384	44.8580528341384	0.10844624606154886	-0.00563220969267314
HOUSE562_532_44.9584805934855	44.9584805934855	0.11404029242854886	-2.969731970049877E-4
HOUSE2754_10848_44.5002313890236	44.5002313890236	0.10819212447554886	-0.004964198565845526
HOUSE1467_1451_44.9607324239171	44.9607324239171	0.11263607507654885	-0.00170699368499104
HOUSE545_13671_44.7365742173789	44.7365742173789	0.11394675288254885	1.813566387400406E-4
HOUSE6019_11322_40.8766485411399	40.8766485411399	0.10010675526454886	-0.0037113228860102127
HOUSE390_12274_43.6686108550521	43.6686108550521	0.10754027453854886	-0.0034728999870033694
HOUSE1207_10905_41.2364960489799	41.2364960489799	0.09804924313754887	-0.006696189041504208
HOUSE1475_9633_40.0512032423528	40.0512032423528	0.09297101122354887	-0.0087198324555907
HOUSE686_8964_41.8318105369282	41.8318105369282	0.10046830593254885	-0.005811296350761733
HOUSE2569_13890_44.3237837729976	44.3237837729976	0.11149866287254886	-0.001202941422779824
HOUSE4683_4652_44.9542857073037	44.9542857073037	0.11411784801254887	-2.0860707655548372E-4
HOUSE4419_8782_42.7974237443414	42.7974237443414	0.10068383395950486	-0.008084226013110582
HOUSE6019_12065_43.3672403602395	43.3672403602395	0.10370391091950487	-0.0065326092278879255
HOUSE1405_13961_42.3452570301015	42.3452570301015	0.10840929101654886	8.064985943973396E-4
HOUSE3421_8874_30.0407347848883	30.0407347848883	0.07514960832444886	-7.435070145254546E-4
HOUSE3973_3933_44.5875612157397	44.5875612157397	0.11668995339444885	0.0033085748369026946
HOUSE1015_10744_41.5877762343735	41.5877762343735	0.10274185721444885	-0.0029088503603135474
HOUSE5014_4987_44.4190014080925	44.4190014080925	0.10850218359444885	-0.004444803691077415
HOUSE5014_9194_43.4624862622479	43.4624862622479	0.10703397192744886	-0.0034480040560985886
HOUSE4356_11296_41.8050339889529	41.8050339889529	0.10226976737714885	-0.003940829732878445
HOUSE1360_12198_41.4426511517318	41.4426511517318	0.09809047763444885	-0.0071862317130335085
HOUSE5392_9978_40.6347537789482	40.6347537789482	0.09978411503344886	-0.003410582164615719
HOUSE3008_11470_44.8160146459417	44.8160146459417	0.10536922950264886	-0.008600890686297713
HOUSE720_10093_42.3674501316733	42.3674501316733	0.09916158129264886	-0.008498404417489905
HOUSE106_9992_41.7677684384726	41.7677684384726	0.09755784863944886	-0.008556712350808182
HOUSE947_13994_41.8806875284611	41.8806875284611	0.10731259260544886	9.070306475228301E-4
HOUSE1497_6885_41.1294041422661	41.1294041422661	0.10205084205544886	-0.002418606244470878
HOUSE3599_3547_41.5161616390105	41.5161616390105	0.10557764426444885	1.1149287546494135E-4
HOUSE6001_5978_42.4651899731731	42.4651899731731	0.10848536667039285	5.734980548998819E-4
HOUSE5995_5972_30.4873795935418	30.4873795935418	0.07925039853639286	0.0022062460119813138
HOUSE3594_3544_41.4735311102907	41.4735311102907	0.10452750789639285	-8.287814213419481E-4
HOUSE4466_4434_43.3025028399316	43.3025028399316	0.11622221400349286	0.006152527303447258
HOUSE3432_12324_40.1436545593797	40.1436545593797	0.10868472788349286	0.006755630223384809
HOUSE1370_1348_44.4866009332847	44.4866009332847	0.11788745512139286	0.004766258787184938
HOUSE6019_10821_41.272387867626	41.272387867626	0.10583219269839286	9.942646095828234E-4
HOUSE5025_4999_44.2720408626319	44.2720408626319	0.12419712168879285	0.011628862755953026
HOUSE168_6671_40.5956039408396	40.5956039408396	0.10894040790879286	0.0058466027811022725
HOUSE4965_4945_43.0372109103961	43.0372109103961	0.11598888757679285	0.0066028780850692775
HOUSE4965_4944_40.052105360171	40.052105360171	0.11195580692679286	0.010262638422346301
HOUSE5988_5962_43.4446684306022	43.4446684306022	0.11367971533079285	0.0032436572363391813
HOUSE5988_5963_40.2880962483518	40.2880962483518	0.10700877138579284	0.004707436655169039
HOUSE5668_5655_40.4642331701361	40.4642331701361	0.10494983485639285	0.0021945820620768303
HOUSE706_13655_43.267804213101	43.267804213101	0.11239502154639286	0.0024147558112657397
HOUSE5473_13399_43.4127451782115	43.4127451782115	0.10972254590539285	-6.312435723213466E-4
HOUSE5473_9844_42.068393320078	42.068393320078	0.10466009958739286	-0.0022291942798423198
HOUSE1635_13070_42.8343631932512	42.8343631932512	0.11472918917139285	0.005865933467223028
HOUSE2662_12889_44.8463620800932	44.8463620800932	0.12539364748139287	0.011345319677549134
HOUSE4478_9351_40.4993207985955	40.4993207985955	0.10788460901139285	0.00503893276577258
HOUSE6019_6123_20.9747023501945	20.9747023501945	0.05666734468599287	0.004138075191711076
HOUSE4812_6828_43.4247671207413	43.4247671207413	0.11106754323379284	6.827723081251624E-4
HOUSE5958_7809_44.0465726788797	44.0465726788797	0.11391239574579284	0.0019251852402573794
HOUSE2227_15994_44.2599855724929	44.2599855724929	0.11323220492479284	6.950133791975843E-4
HOUSE509_11169_44.4331415256668	44.4331415256668	0.11547819480979284	0.0024947673802883097
HOUSE1923_16423_44.3973837951697	44.3973837951697	0.11394475721779285	0.001053480142824137
HOUSE972_955_40.0030112946441	40.0030112946441	0.10998208389379284	0.00841543447993219
HOUSE5123_5087_42.4668793353897	42.4668793353897	0.11362737988379285	0.005711157655108143
HOUSE4844_6297_40.8170538376128	40.8170538376128	0.10597265953259286	0.0023081614046508575
HOUSE1567_12772_40.7789511914963	40.7789511914963	0.11092351547759284	0.007357210727686206
HOUSE4844_4809_40.875161593334	40.875161593334	0.10611042052759286	0.002296174353101199
HOUSE3664_15745_44.6354461509	44.6354461509	0.12035353486259286	0.006848753234141386
HOUSE1282_10317_41.7267663369421	41.7267663369421	0.11551908438259285	0.009510188884530743
HOUSE4703_4670_41.834928048108	41.834928048108	0.12080868170789284	0.014521045364352655
HOUSE5266_12264_44.6998158048564	44.6998158048564	0.13018446158989283	0.016513794533284457
HOUSE2863_15421_44.1061487038664	44.1061487038664	0.12606274073589285	0.013921998343740444
HOUSE5603_12991_44.9944325280044	44.9944325280044	0.13173072886189285	0.017300812403467078
HOUSE278_12502_44.443381637102	44.443381637102	0.11423605481679285	0.001226237851763498
HOUSE5637_14756_43.7866153353905	43.7866153353905	0.11818601619379283	0.006868735268062864
HOUSE2063_8200_40.334648789374	40.334648789374	0.10079039665379287	-0.00163090746806753
HOUSE836_821_42.6532465341902	42.6532465341902	0.10782081221779284	-5.756922660732217E-4
HOUSE5353_9469_41.1397934422725	41.1397934422725	0.10637756251779285	0.0018813402122060952
HOUSE3218_3170_41.5380284225904	41.5380284225904	0.10596871530779284	4.462115767717434E-4
HOUSE768_751_43.0252222948563	43.0252222948563	0.10132745132979286	-0.008027662600131116
HOUSE4085_4041_42.5702280495926	42.5702280495926	0.10395295713979286	-0.004229602480057965
HOUSE1929_1927_40.5409137500931	40.5409137500931	0.10379465917259285	8.417947700786327E-4
HOUSE5201_5175_44.6376904939131	44.6376904939131	0.11517475192259284	0.001664186453794625
HOUSE366_12486_42.5741024001036	42.5741024001036	0.10702514512759284	-0.001167398984232751
HOUSE1621_9562_41.7601545511904	41.7601545511904	0.10656903860759284	4.740991761622848E-4
HOUSE3169_15202_42.3949670893656	42.3949670893656	0.10094146461759286	-0.006789434357225788
HOUSE364_12453_44.4626008424918	44.4626008424918	0.11523509909959284	0.002175752800180522
HOUSE25_13945_44.8904979457537	44.8904979457537	0.11508209790359285	9.200286622523951E-4
HOUSE5529_15629_44.7612108356166	44.7612108356166	0.11449873543559284	6.69848778001983E-4
HOUSE102_16396_44.7079424259196	44.7079424259196	0.11444384908459285	7.522391157318981E-4
HOUSE6019_9690_44.1093757026829	44.1093757026829	0.11394015042959284	0.0017910918193557585
HOUSE1217_13373_44.6927496656546	44.6927496656546	0.11535269202759284	0.0017002349419080326
HOUSE2303_14359_43.6427332435364	43.6427332435364	0.11292337047359284	0.0019768844946167347
HOUSE123_10589_41.8079969671142	41.8079969671142	0.10544446039259285	-7.737725344801605E-4
HOUSE2455_2474_42.7856080060223	42.7856080060223	0.10907804429559284	3.404343672075705E-4
HOUSE84_10849_40.0962619207397	40.0962619207397	0.10585543348059284	0.004048470206318308
HOUSE2541_11141_41.7625508388366	41.7625508388366	0.11166484677359284	0.005563731929095039
HOUSE2691_12309_40.1011898042298	40.1011898042298	0.10045293840959287	-0.0013667243901943488
HOUSE3123_7194_40.038686329497	40.038686329497	0.09711336396359287	-0.00454522269192352
HOUSE2691_15595_43.0628290410803	43.0628290410803	0.10341675496859284	-0.006035274368134183
HOUSE243_224_40.1823638318178	40.1823638318178	0.09982463477759286	-0.002204219582098918
HOUSE1192_11571_42.6542661002041	42.6542661002041	0.10330999193759285	-0.005089140044393106
HOUSE2382_7742_44.9588127869732	44.9588127869732	0.11213169666159284	-0.002206425051504618
HOUSE2382_13669_43.7375185974719	43.7375185974719	0.10884948251559284	-0.0023412724325972967
HOUSE5461_5445_41.3223163375395	41.3223163375395	0.10812122876859286	0.0031546312664839787
HOUSE5339_8668_30.4886138029397	30.4886138029397	0.07509265258359288	-0.0019546805910446996
HOUSE4037_3997_41.372915691503	41.372915691503	0.09610543567654886	-0.008991560157394829
HOUSE4203_6332_43.1137371348161	43.1137371348161	0.10543783986654885	-0.004145383447572162
HOUSE1324_10488_43.7375078430534	43.7375078430534	0.10374622357654885	-0.007444503656697868
HOUSE2963_11709_43.4490643092431	43.4490643092431	0.11259105072759286	0.0021436641240413223
HOUSE1069_8742_42.3137747012129	42.3137747012129	0.11407104344359285	0.006549383345231655
HOUSE2494_6349_42.0742402960531	42.0742402960531	0.11087680980359284	0.003972447840547955
HOUSE5028_9721_41.0643039105346	41.0643039105346	0.10898056867305285	0.004678888555034608
HOUSE6019_11764_40.8130284063008	40.8130284063008	0.11203674588305286	0.008382621593646
HOUSE1260_14775_44.3053534360166	44.3053534360166	0.12144385627205286	0.008789748338025705
HOUSE12_10195_40.7548661730353	40.7548661730353	0.11501740235605286	0.011513166505914968
HOUSE673_12497_43.0866464322371	43.0866464322371	0.12064496671705285	0.011131558176201109
HOUSE4967_4947_44.849003058164	44.849003058164	0.12519263411605286	0.011137500313557577
HOUSE1792_11443_40.6948283603738	40.6948283603738	0.10867179531705286	0.005322281415019642
HOUSE555_7717_41.9580388693298	41.9580388693298	0.10506891050805285	-0.0015359916592706802
HOUSE1758_1754_41.7176660019553	41.7176660019553	0.10264079254805286	-0.0033446507039139317
HOUSE5720_11473_40.0839903230296	40.0839903230296	0.09657741898405287	-0.005197919462135936
HOUSE2894_9691_40.4377512873113	40.4377512873113	0.10195662219405285	-7.303848011826208E-4
HOUSE2537_2555_44.2702754578501	44.2702754578501	0.11544912583305285	0.0028854164808010674
HOUSE3555_11342_42.0414757371199	42.0414757371199	0.10557410279305285	-0.001245822443165956
HOUSE1149_13895_42.7892898561194	42.7892898561194	0.11114276155805285	0.002395663225703476
HOUSE2281_2295_41.7899814803565	41.7899814803565	0.10863611435505285	0.0024643086891280863
HOUSE2281_9332_41.123460204769	41.123460204769	0.10481667688505286	3.625465580604226E-4
HOUSE2597_13098_40.8204812637996	40.8204812637996	0.10613036496505285	0.002457034102654035
HOUSE2597_8556_42.7555946435314	42.7555946435314	0.11168784218405285	0.0030275789428286376
HOUSE1657_1648_44.595993731335	44.595993731335	0.11647505998905285	0.003071950206092397
HOUSE1191_12823_44.5294911183643	44.5294911183643	0.11226557927005286	-9.661482893264239E-4
HOUSE2517_2534_40.0561055184646	40.0561055184646	0.09060762647005285	-0.011095850742464095
HOUSE4376_10649_41.1606594495918	41.1606594495918	0.10011016441700886	-0.004439831155099272
HOUSE6019_13429_42.5683616905008	42.5683616905008	0.10276947220400885	-0.005408277668422057
HOUSE1205_1182_41.6038509015925	41.6038509015925	0.09795010507100885	-0.007742028127323164
HOUSE1480_1458_43.9718565665594	43.9718565665594	0.10603279435700885	-0.0057618671208300165
HOUSE5923_5908_42.3870524992889	42.3870524992889	0.09924721115950885	-0.00846329132281895
HOUSE2579_12646_43.3934906859266	43.3934906859266	0.10781763697400885	-0.0024865322323459893
HOUSE1717_9760_42.9806393571198	42.9806393571198	0.10612009404200885	-0.003120126312132959
HOUSE6019_9788_40.7317603160281	40.7317603160281	0.10150716787800886	-0.0019375224448970885
HOUSE4309_4262_42.6466788902797	42.6466788902797	0.10444328779300885	-0.003936291379703402
HOUSE1284_9492_42.5251554352654	42.5251554352654	0.10138859594799286	-0.006677808162759161
HOUSE5538_5532_41.0865198133979	41.0865198133979	0.10041727770699285	-0.003941654459651708
HOUSE1708_14148_42.621050250018	42.621050250018	0.10421463992199285	-0.0040988923217461365
HOUSE4883_9685_43.6089266556206	43.6089266556206	0.10635276191599286	-0.00450660194928143
HOUSE6019_13952_43.5535598026858	43.5535598026858	0.10729814431790485	-0.003418535012961174
HOUSE669_13571_44.7455068971228	44.7455068971228	0.11026184927594886	-0.0035265671538144833
HOUSE6019_14628_43.3738147152538	43.3738147152538	0.10698247993194886	-0.0032709828216158088
HOUSE3770_3726_42.5842974102977	42.5842974102977	0.10763590664299286	-5.829107750751211E-4
HOUSE3770_6545_41.0204972855239	41.0204972855239	0.10500570057599286	8.169134176125581E-4
HOUSE948_7187_42.9119502276457	42.9119502276457	0.10882953450499286	-2.336688084755012E-4
HOUSE1125_6934_42.6356699360494	42.6356699360494	0.10755918237429286	-7.920258973222738E-4
HOUSE4371_11636_44.9894603766019	44.9894603766019	0.11688468536599285	0.0024675825148116337
HOUSE3856_12853_42.8493848955259	42.8493848955259	0.10637547074099285	-0.0025264970170769813
HOUSE3506_3450_43.2540671306197	43.2540671306197	0.11210346275099285	0.0021585985081679915
HOUSE3091_12957_44.2266227822559	44.2266227822559	0.09992016001199287	-0.012531053119818725
HOUSE706_679_42.0783528936847	42.0783528936847	0.11620186297449286	0.00928690253876678
HOUSE4936_8698_40.6333935567614	40.6333935567614	0.11302916629739286	0.009837974493966561
HOUSE1596_1586_44.494401515187	44.494401515187	0.12281455676049287	0.009673257741414018
HOUSE3980_9116_44.711482861168	44.711482861168	0.12340672610649286	0.009705992170343833
HOUSE849_13711_44.9730459545895	44.9730459545895	0.12710233201349286	0.01272753035947699
HOUSE3241_8073_40.4223805570862	40.4223805570862	0.10261173490994886	-3.566056016948704E-5
HOUSE155_7749_40.1535946760315	40.1535946760315	0.10019260507994887	-0.001762109006617385
HOUSE5256_10852_43.6478800178038	43.6478800178038	0.10878082304994886	-0.0021789265524972817
HOUSE4729_12504_40.2778409363005	40.2778409363005	0.10488535042429287	0.0026104444023221235
HOUSE2735_10952_42.3206403222866	42.3206403222866	0.10926720403629286	0.0017278507172698715
HOUSE2215_11101_43.016313216649	43.016313216649	0.11523818772959288	0.005906033162692684
HOUSE213_15269_43.8678500604284	43.8678500604284	0.11493496639454888	0.003408337487031593
HOUSE1443_16404_44.8892895907015	44.8892895907015	0.11857818668354887	0.004419231463845624
HOUSE1567_16847_44.8171786443427	44.8171786443427	0.11828824249754888	0.0043151225973834945
HOUSE1151_12426_40.2913542184979	40.2913542184979	0.10529815740974888	0.0029884266456001035
HOUSE6019_14664_40.8227184621947	40.8227184621947	0.10615137343554887	0.002472277145019977
HOUSE1048_10471_40.9619086771272	40.9619086771272	0.10227126324519287	-0.0017665366732127208
HOUSE5117_14134_44.6657346314241	44.6657346314241	0.12021761111519287	0.006634773799765584
HOUSE1211_8070_43.2938256720616	43.2938256720616	0.11866185408219287	0.00861452909483068
HOUSE4629_15490_44.0477284418123	44.0477284418123	0.10704993417529286	-0.004940254818041417
HOUSE5502_11278_42.9360917507059	42.9360917507059	0.10828830394029287	-8.371138895361535E-4
HOUSE150_14942_44.7580458814423	44.7580458814423	0.11428925743229287	4.6852709908830337E-4
HOUSE2052_2055_44.5916543678969	44.5916543678969	0.10986804802089287	-0.0035238788968878915
HOUSE2268_8685_41.1960459385879	41.1960459385879	0.10619108285089286	0.001549893641452707
HOUSE338_6918_40.3681451230056	40.3681451230056	0.10025496337889288	-0.0022526633080993397
HOUSE3295_7569_42.5668899944527	42.5668899944527	0.11197028676929287	0.00379632956800513
HOUSE2911_10143_40.6060854581074	40.6060854581074	0.10610054919949287	0.002979732415333211
HOUSE1255_1240_44.9005298243039	44.9005298243039	0.11332692208949288	-8.610000556032033E-4
HOUSE2156_8836_41.3978171562192	41.3978171562192	0.10428258276049286	-8.785860164804427E-4
HOUSE2887_12243_42.6019893515404	42.6019893515404	0.10842821778181286	1.6380690366570028E-4
HOUSE2013_7718_40.3492744558025	40.3492744558025	0.10608150009981286	0.003622504538144264
HOUSE3383_7898_44.6881352677095	44.6881352677095	0.11660732080781287	0.002966755371869245
HOUSE4020_3979_43.1557477544575	43.1557477544575	0.11070921057151287	0.0010177227383520032
HOUSE981_10752_44.1712365481403	44.1712365481403	0.11389055110251287	0.0015820724518666868
HOUSE3949_6952_40.0485236041577	40.0485236041577	0.10229137924581286	6.074411953659736E-4
HOUSE3949_11592_40.7105242291395	40.7105242291395	0.10678306700381286	0.003393103670246936
HOUSE352_340_43.9216143544763	43.9216143544763	0.11132997155781285	-3.352119696147654E-4
HOUSE1369_13931_44.5971252580395	44.5971252580395	0.11277033027781286	-6.356955343680276E-4
HOUSE1168_15407_43.9117925188289	43.9117925188289	0.10856434973981285	-0.003075522180180007
HOUSE2952_2943_41.1045658978695	41.1045658978695	0.10236499782681285	-0.0020404404535845355
HOUSE6019_6186_32.6415274696449	32.6415274696449	0.08083761747626886	-0.001757935759146706
HOUSE2099_2109_44.3651996890549	44.3651996890549	0.10636155479531285	-0.006446781423296466
HOUSE5532_11529_41.9354160886724	41.9354160886724	0.10769104613531286	0.0011444445712206902
HOUSE686_9240_40.1732862743818	40.1732862743818	0.09975774330531287	-0.0022477175077410816
HOUSE2907_11852_42.2480164419794	42.2480164419794	0.10450087572781286	-0.0028513204023997707
HOUSE5946_15000_44.8578323945321	44.8578323945321	0.11516412458781286	0.001086236922996739
HOUSE1637_9761_40.1522786492265	40.1522786492265	0.09462414394331287	-0.007327178643430174
HOUSE5754_8407_40.5983066598828	40.5983066598828	0.10514913727331286	0.0020483670358521777
HOUSE2499_8417_42.6932100063776	42.6932100063776	0.10676142336169286	-0.0017380699886184459
HOUSE1319_9526_40.5381807609424	40.5381807609424	0.09987901846864887	-0.0030668028157569693
HOUSE6019_10910_41.8206282146275	41.8206282146275	0.10329576359464886	-0.00295502100503868
HOUSE4380_10841_42.2397986063341	42.2397986063341	0.10581191277464887	-0.0015191053764889162
HOUSE1146_1110_40.5387686817809	40.5387686817809	0.09529182074899287	-0.007655515651527819
HOUSE5679_7638_43.0030522109235	43.0030522109235	0.11687037716999286	0.007572397209873322
HOUSE1790_1795_44.9180829091112	44.9180829091112	0.11670598263299285	0.002472824871270568
HOUSE1825_15106_42.7730683780662	42.7730683780662	0.10979677693299286	0.0010914825667486527
HOUSE5371_11464_44.5208369045057	44.5208369045057	0.11886197025299286	0.0056525452520872765
HOUSE1832_15085_43.1242069594575	43.1242069594575	0.11037773790399286	7.675330661783414E-4
HOUSE6019_13090_43.16120558542	43.16120558542	0.11146762861899286	0.0017620755459188675
HOUSE973_957_41.7063641255943	41.7063641255943	0.11285317668599286	0.006896859217433132
HOUSE941_924_44.5297574042343	44.5297574042343	0.12055551313599286	0.0073230993379460735
HOUSE5624_13926_43.8045480678266	43.8045480678266	0.11446715825999286	0.0031036633372107936
HOUSE5451_10218_42.2825608230587	42.2825608230587	0.11136329420099286	0.003922074608736503
HOUSE5876_9306_44.0760723967105	44.0760723967105	0.12087099268599286	0.0088077591941262
HOUSE1329_8632_30.1810618734453	30.1810618734453	0.06170895478599287	-0.014545793989492649
HOUSE3582_12193_40.8882363830188	40.8882363830188	0.09380762331256312	-0.010040317575999755
HOUSE3582_3529_40.0239349869985	40.0239349869985	0.09313887693956313	-0.008481694399482695
HOUSE2653_13907_42.7186733658891	42.7186733658891	0.10822594852716313	-3.39165811226505E-4
HOUSE5758_5746_44.4323461502422	44.4323461502422	0.10730140852616313	-0.005679969161192039
HOUSE512_489_40.3198929934297	40.3198929934297	0.10225270458666313	-1.305727418627195E-4
HOUSE1632_7262_43.7630436068866	43.7630436068866	0.10534775699866314	-0.005908777814031693
HOUSE282_7709_43.6784069442402	43.6784069442402	0.11154283158466313	5.04411802233623E-4
HOUSE156_9522_40.0169630446473	40.0169630446473	0.09330849184136313	-0.008294112279111088
HOUSE5726_6928_42.6086350879632	42.6086350879632	0.10412931806136314	-0.004152219378201635
HOUSE841_827_41.5454369843716	41.5454369843716	0.10117640786236314	-0.004365188288261976
HOUSE5706_5697_41.1917296226805	41.1917296226805	0.10480324088236313	1.7317514288671398E-4
HOUSE534_8707_41.8039548032304	41.8039548032304	0.10324704984336314	-0.002960766124081665
HOUSE5868_8314_43.0560493136772	43.0560493136772	0.10791649474236313	-0.0015180627281361908
HOUSE1070_16711_44.9330900113819	44.9330900113819	0.11174418467236313	-0.002527647517953341
HOUSE2127_11387_43.3464952651411	43.3464952651411	0.10868510788936313	-0.0014979505913740726
HOUSE784_7905_32.390507453486	32.390507453486	0.06958171376036312	-0.012366942058380362
HOUSE370_8361_40.6367518907057	40.6367518907057	0.09467575934736314	-0.008524087134626795
HOUSE2862_15454_44.500543654563	44.500543654563	0.10608500150736314	-0.007072126265756831
HOUSE565_10407_40.424052328853	40.424052328853	0.09237944380336313	-0.010272259948037946
HOUSE2614_9937_41.8811853518514	41.8811853518514	0.10841456446316312	0.002007719577006642
HOUSE5121_11783_44.2725421255454	44.2725421255454	0.11631988030016314	0.003750329575183467
HOUSE4252_8201_32.9701044929679	32.9701044929679	0.08275497193816313	-6.8734894079725E-4
HOUSE5083_5052_44.0459698006614	44.0459698006614	0.10587851995816312	-0.006107136884967446
HOUSE5242_5215_40.5152200450306	40.5152200450306	0.09927219426116313	-0.0036144555355041297
HOUSE2111_10369_40.0161615888397	40.0161615888397	0.09761689220116312	-0.003983646507558489
HOUSE380_12899_41.6154774976894	41.6154774976894	0.09973163052516312	-0.005990465283700355
HOUSE1614_14099_44.9818466887926	44.9818466887926	0.10059305146516313	-0.01380443034124823
HOUSE4525_13436_42.6098554162309	42.6098554162309	0.10421975961036313	-0.004064922706713575
HOUSE4525_11409_41.7366067251589	41.7366067251589	0.10680592975036313	7.716748335028362E-4
HOUSE3597_6773_41.3956919895606	41.3956919895606	0.10545543597036314	2.99743907328745E-4
HOUSE2068_2068_23.3196890385511	23.3196890385511	0.05971899806716313	0.0011465219233046386
HOUSE1985_16200_44.9078600429149	44.9078600429149	0.11637070047316314	0.002163887804691053
HOUSE2393_13880_43.2609992553973	43.2609992553973	0.11009387311816313	1.311442696414894E-4
HOUSE1992_1979_30.512776248157	30.512776248157	0.07743982790616313	3.3022629719617336E-4
HOUSE4537_4487_40.0879629229085	40.0879629229085	0.09684254611616314	-0.004943030017993566
HOUSE4537_4486_40.2219863164627	40.2219863164627	0.10135205580616313	-7.789086694912212E-4
HOUSE1160_7840_41.0935755677767	41.0935755677767	0.12067636406556315	0.016299248690463092
HOUSE3448_3396_42.934855716823	42.934855716823	0.11757300761156314	0.008450775133794886
HOUSE1848_15551_43.0456673737222	43.0456673737222	0.11812970311656314	0.0087219006843261
HOUSE1145_1109_41.4891825076245	41.4891825076245	0.11561379064056314	0.010217166497512531
HOUSE1882_14729_41.6803085917199	41.6803085917199	0.11427814485156314	0.008388974448848105
HOUSE3932_3891_40.364743824102	40.364743824102	0.10351932612556314	0.0010204648410584855
HOUSE1114_12280_41.2343646991236	41.2343646991236	0.10104398703356314	-0.003695952496986593
HOUSE2722_9153_41.2011464864741	41.2011464864741	0.10050774139156314	-0.00414659231249416
HOUSE1456_15483_44.948084941927	44.948084941927	0.10806263306156313	-0.006247842189897365
HOUSE3903_11860_42.4839038343634	42.4839038343634	0.10441632513456314	-0.0035437705053926877
HOUSE1442_14112_42.2482910747946	42.2482910747946	0.10230923299456314	-0.0050436708850210565
HOUSE497_13367_41.8493524915539	41.8493524915539	0.10387989214546313	-0.0024449170711605406
HOUSE2718_12722_43.0234767141509	43.0234767141509	0.11125494236246314	0.0019043269249948286
HOUSE602_13388_44.3920860907239	44.3920860907239	0.11632427101746314	0.0034466465243590955
HOUSE4239_4190_41.081929836655	41.081929836655	0.10509388985946312	7.467864072892294E-4
HOUSE1024_11561_43.9844596663309	43.9844596663309	0.11007108706746313	-0.0017560535441476094
HOUSE641_10179_40.2078044968281	40.2078044968281	0.09854465192441912	-0.0035497649379185314
HOUSE2647_9902_43.4623292984907	43.4623292984907	0.11187842529946314	0.0013968538232956018
HOUSE2647_13115_40.1834794832502	40.1834794832502	0.09909970266346314	-0.0029320268136816957
HOUSE2199_6278_40.0974104609511	40.0974104609511	0.09723547117846314	-0.004574451970115717
HOUSE2456_10818_41.1773006431758	41.1773006431758	0.09924939956646313	-0.005343481610165943
HOUSE1815_14638_40.9278026514221	40.9278026514221	0.09841283133246313	-0.0055370747985896
HOUSE5495_14153_43.7640343144493	43.7640343144493	0.10762788366946315	-0.0036312042709574915
HOUSE1914_9912_43.0635542397177	43.0635542397177	0.10754773881546313	-0.0019061594125670267
HOUSE4797_9139_42.6109184089669	42.6109184089669	0.10256998880646313	-0.005717432922654836
HOUSE6019_13537_42.8056093815683	42.8056093815683	0.10246258658846312	-0.006326568385486994
HOUSE3357_3307_44.725286229744	44.725286229744	0.10962009145446312	-0.004116214798227921
HOUSE5700_10711_42.3437023686711	42.3437023686711	0.10422418370946314	-0.003374602233529811
HOUSE4643_7780_40.7568681469593	40.7568681469593	0.10154604981646313	-0.0019633452706929594
HOUSE2070_13510_44.6818001242355	44.6818001242355	0.10877867367246312	-0.004845565623396997
HOUSE1633_11610_40.0663517474711	40.0663517474711	0.09611456316246313	-0.005615319351018916
HOUSE4411_4373_42.8824497758344	42.8824497758344	0.10594725928446312	-0.0030399191511512463
HOUSE3306_10620_41.1243893296977	41.1243893296977	0.10295447037446313	-0.001502054377186493
HOUSE2984_2972_42.2413020321967	42.2413020321967	0.10820113141156314	8.662388191694043E-4
HOUSE2856_15979_44.8955199371872	44.8955199371872	0.11780677811246314	0.0036317668223785488
HOUSE4951_13720_43.9079885212448	43.9079885212448	0.10968926650846313	-0.0019408022243264517
HOUSE4951_13394_44.9995914386742	44.9995914386742	0.11141194793546313	-0.003031263422852301
HOUSE4748_9468_43.8488693572716	43.8488693572716	0.10869629155646314	-0.002781422654821397
HOUSE5732_9879_41.1877544206362	41.1877544206362	0.10173904989986314	-0.002880771445669908
HOUSE5732_9999_40.9701853370635	40.9701853370635	0.10367335273986313	-3.857767522290334E-4
HOUSE4514_4472_40.1452705014513	40.1452705014513	0.09849803141946313	-0.0034352306446140124
HOUSE3002_12407_44.9069903259756	44.9069903259756	0.10903555067346314	-0.0051690206691980545
HOUSE5413_15098_41.7250134599394	41.7250134599394	0.10272214646346313	-0.0032822317390376887
HOUSE2191_16580_44.7359862758461	44.7359862758461	0.10854438958946312	-0.005219491484900071
HOUSE2192_12727_43.9886773357512	43.9886773357512	0.10524521938246313	-0.006592790479712229
HOUSE207_189_43.8140190361288	43.8140190361288	0.10205146307876313	-0.009336439239978137
HOUSE5922_5907_41.3858446665108	41.3858446665108	0.10006517375776312	-0.0050651410148881
HOUSE5922_5906_42.4024085944984	42.4024085944984	0.09890643697776312	-0.008843639314148485
HOUSE6019_11653_40.0043074228343	40.0043074228343	0.10002009288486313	-0.001549896748597332
HOUSE5681_5671_44.4846293563023	44.4846293563023	0.11089448225046314	-0.0022216331819258778
HOUSE4674_12685_41.1329853080679	41.1329853080679	0.10786223925046313	0.003383562017563041
HOUSE3368_10629_41.4636562795977	41.4636562795977	0.10776218008546314	0.002431338947372033
HOUSE3119_9563_44.0304452578456	44.0304452578456	0.12032584202746315	0.008380193096037117
HOUSE3805_7244_44.8436989825257	44.8436989825257	0.11684261714746313	0.0028011523458736504
HOUSE5206_11350_43.1129920695833	43.1129920695833	0.11698299139746314	0.007401688172352247
HOUSE1380_11841_41.8279914476443	41.8279914476443	0.10490440536146314	-0.0013653548422013634
HOUSE2089_11585_43.4788172781861	43.4788172781861	0.11478081544146315	0.004256753204461852
HOUSE975_9663_41.2065323116258	41.2065323116258	0.10686811649766313	0.002199903118070015
HOUSE1452_12259_42.3842369166235	42.3842369166235	0.10237747142966314	-0.005325775084871559
HOUSE3831_9845_40.7805951103167	40.7805951103167	0.10296701815266314	-6.035230993934465E-4
HOUSE3831_12675_44.302315186942	44.302315186942	0.11309297748566315	4.466993474731562E-4
HOUSE772_8035_40.2342409954872	40.2342409954872	0.10283200005146313	6.694543484453142E-4
HOUSE5893_9602_40.4173908808809	40.4173908808809	0.10877188220246313	0.00613734550232109
HOUSE4970_4949_40.3007110796443	40.3007110796443	0.10499158128246312	0.00265773718505756
HOUSE3224_8825_40.8922482771568	40.8922482771568	0.10745941594646315	0.0036011361056782487
HOUSE5815_15606_42.5447574938567	42.5447574938567	0.10885465840146315	7.377383149008848E-4
HOUSE2065_13862_42.8670631872956	42.8670631872956	0.11082202960146315	0.0018745035590302245
HOUSE3450_7522_24.9465546407737	24.9465546407737	0.06552886242056313	0.002763831549577697
HOUSE2395_12409_40.3423270581737	40.3423270581737	0.10876934893056313	0.006328257333874834
