tip	date	distance	residual
HOUSE5617_5607_40.6275278275174	40.6275278275174	0.09360231337967241	-0.011821952121223639
HOUSE4302_11665_41.5535194490201	41.5535194490201	0.10164502986567242	-0.0061455977393010675
HOUSE2573_13308_40.3989064228088	40.3989064228088	0.09957697907167243	-0.005263046771195795
HOUSE912_10883_40.673262050841	40.673262050841	0.10094205445167242	-0.004599084388484248
HOUSE4254_4212_43.8187594501546	43.8187594501546	0.11852034708567241	0.004940921860018349
HOUSE1431_13888_41.6027734662198	41.6027734662198	0.11402467406067243	0.0061081783192402095
HOUSE1052_7805_31.064257283695	31.064257283695	0.08695379025118141	0.0059683646711228555
HOUSE1052_12827_41.3457422284409	41.3457422284409	0.11091302518777243	0.003653370141785253
HOUSE6019_12734_44.4919347335413	44.4919347335413	0.11638743805267243	0.0010877202854694679
HOUSE1999_11188_43.8972611558114	43.8972611558114	0.11609895618567243	0.002318920655283385
HOUSE1385_12733_43.8852078296511	43.8852078296511	0.11556790424677241	0.001818670867927169
HOUSE427_11754_44.9837654537987	44.9837654537987	0.12124630369877243	0.004689717563635926
HOUSE3704_11714_40.9210320173068	40.9210320173068	0.11323129210877242	0.007056979657150728
HOUSE1412_9181_40.7771625625901	40.7771625625901	0.11475123654047242	0.008944581006764749
HOUSE5383_8667_44.3588500811111	44.3588500811111	0.12077129613047241	0.005811674829406019
HOUSE4005_11093_44.5573396698122	44.5573396698122	0.12302947639517242	0.007562616983253598
HOUSE2050_11031_41.4713019229707	41.4713019229707	0.11193345997157242	0.004352938412287094
HOUSE3647_3591_40.8152086254201	40.8152086254201	0.11527423509857243	0.009370353240997858
HOUSE253_232_44.6229777945731	44.6229777945731	0.12250905961857242	0.0068744626511400425
HOUSE2831_11015_40.7134747071746	40.7134747071746	0.11023917372877243	0.004595271857242206
HOUSE2732_2732_42.6277018213055	42.6277018213055	0.11129940343577242	7.637137809726607E-4
HOUSE3359_7060_44.2683575478478	44.2683575478478	0.12025064189277243	0.005522273333570735
HOUSE3871_3829_44.8132387206922	44.8132387206922	0.12201536966277243	0.005894562847432061
HOUSE2930_11715_40.2102937942988	40.2102937942988	0.10643241065577241	0.0020743824531551935
HOUSE6019_12758_41.8901671702042	41.8901671702042	0.11246322130427241	0.00381229389600124
HOUSE512_11224_43.5225309897832	43.5225309897832	0.11648762682277242	0.0036652103934123464
HOUSE4918_8324_40.0953015017848	40.0953015017848	0.09436179459687241	-0.009702371980059118
HOUSE538_13592_42.3411346538353	42.3411346538353	0.10871963760287243	-0.0010837325906844358
HOUSE1903_1895_42.1345690897404	42.1345690897404	0.10741184548587243	-0.0018636485244331175
HOUSE656_13810_41.4942759159308	41.4942759159308	0.10370796930117243	-0.003931262061806259
HOUSE5303_10454_43.3573667716701	43.3573667716701	0.10878973132117242	-0.003610609640530435
HOUSE2926_10865_44.3408849979093	44.3408849979093	0.10967517887017242	-0.005238532844783095
HOUSE2926_12581_40.2276164712384	40.2276164712384	0.09685511529217242	-0.007547180833932618
HOUSE2068_13550_40.8845148840919	40.8845148840919	0.09997626375987242	-0.006104729531853356
HOUSE1879_10745_43.9722747586937	43.9722747586937	0.10905667895287242	-0.004915053071339021
HOUSE479_9312_44.9606679705113	44.9606679705113	0.11199385654887242	-0.004503704204304168
HOUSE2347_12360_41.7244183647953	41.7244183647953	0.10612341316887242	-0.0021039448648948744
HOUSE2387_13976_42.3379678486636	42.3379678486636	0.11162228603387242	0.0018270085784951318
HOUSE1396_1374_42.3496580634683	42.3496580634683	0.11026094272687242	4.3579104730133433E-4
HOUSE5822_5800_44.9046154567636	44.9046154567636	0.11737515057597242	0.0010208314475478875
HOUSE307_11802_44.7234066255922	44.7234066255922	0.11695064167347241	0.001059399857035112
HOUSE307_15766_44.6896932298317	44.6896932298317	0.11685198415797243	0.0010468965790842305
HOUSE938_14068_42.5686981761828	42.5686981761828	0.10969045184487242	-6.944545991740825E-4
HOUSE6019_13113_41.2050678103697	41.2050678103697	0.10750514116387241	6.049781523775333E-4
HOUSE2029_2028_20.4100387480079	20.4100387480079	0.05592314583867241	0.0021644665983869896
HOUSE873_10396_42.0659857045393	42.0659857045393	0.10788742297167242	-0.001212806900232108
HOUSE5077_5044_43.039395222987	43.039395222987	0.11546794170687243	0.003880173780935761
HOUSE5332_9538_40.1064699309366	40.1064699309366	0.10306200263187243	-0.0010307047513614248
HOUSE5794_10697_40.2761363686507	40.2761363686507	0.10204596098187241	-0.0024803272450940467
HOUSE3450_10826_32.0812884030086	32.0812884030086	0.08270829184827241	-8.761463400272507E-4
HOUSE2380_2395_40.0650170190345	40.0650170190345	0.10248461945647241	-0.001502155434986191
HOUSE557_528_41.4446331682729	41.4446331682729	0.11289413923947242	0.005381769409656734
HOUSE2645_13651_43.0433616619747	43.0433616619747	0.10879405723247242	-0.0028038468876702
HOUSE2645_8926_44.2041871759796	44.2041871759796	0.11088863607147242	-0.0036757457596992144
HOUSE5008_8359_41.5302377082205	41.5302377082205	0.10602316729347241	-0.0017079640613560237
HOUSE1196_1168_41.2554818415083	41.2554818415083	0.09792291244287242	-0.009106083108820356
HOUSE1196_1169_44.2613332614818	44.2613332614818	0.10504334780787242	-0.009667070259468766
HOUSE2314_10163_41.1896297108263	41.1896297108263	0.10041434830087242	-0.0064463628053674366
HOUSE1384_12787_40.5118214232754	40.5118214232754	0.10034171116587241	-0.004786867804131498
HOUSE4165_8063_42.4822819240173	42.4822819240173	0.10729664438687242	-0.0028674262099026016
HOUSE6019_9737_30.6555400171783	30.6555400171783	0.08204972315587242	0.002108770364020851
HOUSE1119_7620_41.9292006701685	41.9292006701685	0.10962579735767242	8.751202400516939E-4
HOUSE148_131_44.8669833805841	44.8669833805841	0.09684226633732759	-0.01941588440587505
HOUSE1663_11837_44.7150551210302	44.7150551210302	0.0981815536023276	-0.017688346029743632
HOUSE4835_8202_43.9129868510645	43.9129868510645	0.09580576829732759	-0.01801445408620686
HOUSE293_16042_44.3964459463811	44.3964459463811	0.0957965189803276	-0.019259178169352367
HOUSE3582_12193_40.6189150797469	40.6189150797469	0.0986825856779353	-0.00671967003425121
HOUSE4537_4487_42.2374309980034	42.2374309980034	0.09478115843593529	-0.01475719812735063
HOUSE2194_14694_42.3132793633372	42.3132793633372	0.11052584384593529	7.936575619323788E-4
HOUSE6019_12998_40.5544307432137	40.5544307432137	0.1069890632639353	0.0017515966132643918
HOUSE2146_16592_44.9644799472439	44.9644799472439	0.1140490280685353	-0.0024582741521364387
HOUSE4913_11095_44.3795009624682	44.3795009624682	0.11957323910953528	0.004560844692682003
HOUSE1814_13102_42.4755822463836	42.4755822463836	0.1129058371105353	0.002758887471330268
HOUSE4101_12127_41.8781345987562	41.8781345987562	0.1097730371395353	0.0011528588443532467
HOUSE2393_6891_43.2280460372567	43.2280460372567	0.11207000762093529	1.4447142981932615E-7
HOUSE2469_11019_40.6374291787425	40.6374291787425	0.1018604636739353	-0.0035891046285997374
HOUSE86_9122_40.1850723884901	40.1850723884901	0.10077201119393529	-0.0035215639644735897
HOUSE3230_12157_41.0147644257727	41.0147644257727	0.1027235911339353	-0.0036902535274462023
HOUSE1692_13558_43.0647922021767	43.0647922021767	0.11036810938493531	-0.0012845602611864931
HOUSE5118_5083_44.610195970637	44.610195970637	0.11494137444093529	-6.605587063490265E-4
HOUSE534_8707_41.6422601288275	41.6422601288275	0.10682977234763529	-0.0011876311556400926
HOUSE2047_2048_40.747704213718	40.747704213718	0.1021342381976353	-0.003597136827263342
HOUSE2284_12266_40.9455128859558	40.9455128859558	0.1051667947156353	-0.00107007834506824
HOUSE565_10407_41.8963754580142	41.8963754580142	0.11978180845563531	0.011115015831455452
HOUSE1771_14119_44.8144465154384	44.8144465154384	0.11726743829663529	0.0011435449741920983
HOUSE947_13540_44.8743712248315	44.8743712248315	0.1203268166966353	0.004049786393130042
HOUSE623_13553_40.2366909145802	40.2366909145802	0.11003990299163528	0.0056144172185172425
HOUSE430_415_40.0024100528641	40.0024100528641	0.1104977548996353	0.006670971468959536
HOUSE1552_9654_30.8986343771685	30.8986343771685	0.0811473756816353	5.851977427761834E-4
HOUSE5029_9348_40.8010725211064	40.8010725211064	0.10520836986263528	-6.593873251578009E-4
HOUSE5242_5215_41.5300443666697	41.5300443666697	0.11134581053403529	0.003615173261559565
HOUSE621_10116_42.669987406116	42.669987406116	0.12023583430603531	0.00959208427237171
HOUSE621_10442_40.3823122417089	40.3823122417089	0.11271411192403528	0.00791649234099831
HOUSE424_11835_40.4854355111256	40.4854355111256	0.10879746679603529	0.003736316754266694
HOUSE1001_12129_43.6687595094554	43.6687595094554	0.11575259862363528	0.0025564967100306646
HOUSE5038_5010_41.8059136819886	41.8059136819886	0.11505488399563528	0.0066192655135142026
HOUSE6019_13015_42.7445230644662	42.7445230644662	0.1166613731336353	0.005827147988505629
HOUSE584_11013_42.707846042242	42.707846042242	0.1186313517107153	0.007890854320207127
HOUSE84_16427_44.9919890256507	44.9919890256507	0.12411435652563531	0.007536755136862763
HOUSE1508_14308_43.4388584296444	43.4388584296444	0.11261815133563528	9.559276675327744E-6
HOUSE708_7306_41.2074827022723	41.2074827022723	0.10184599161363529	-0.005060342629381626
HOUSE1853_12732_44.4852119544636	44.4852119544636	0.10982956789563529	-0.005452969878494154
HOUSE3203_10202_44.5709623326984	44.5709623326984	0.11127686675363528	-0.004224805233756096
HOUSE1445_11109_44.5869090012275	44.5869090012275	0.1147115183256353	-8.309052098449399E-4
HOUSE2126_2139_40.2337256201357	40.2337256201357	0.0999714523706353	-0.004446455622902495
HOUSE2126_10578_41.0482211359731	41.0482211359731	0.1017459772906353	-0.004753365650975616
HOUSE6019_14710_44.9026188588843	44.9026188588843	0.1101937474006353	-0.006155469442359285
HOUSE2644_11786_42.460277316859	42.460277316859	0.1017548550776353	-0.008352982970933703
HOUSE1485_12579_43.9169310249367	43.9169310249367	0.10632733291763528	-0.007502968761830514
HOUSE419_12888_43.4764477072234	43.4764477072234	0.1091332967179353	-0.0035713543548613613
HOUSE1078_1047_44.8451849984023	44.8451849984023	0.11273317800693529	-0.0034692671938764824
HOUSE1882_13971_40.6407742353622	40.6407742353622	0.10460807962413529	-8.500369363289156E-4
HOUSE16_11530_42.0542969822418	42.0542969822418	0.1128618698339353	0.0037915103721377214
HOUSE2722_9153_41.535731223427	41.535731223427	0.10562873036393529	-0.002116439612734833
HOUSE3932_3891_42.0039391083032	42.0039391083032	0.1048360909539353	-0.004105579476813781
HOUSE2873_11295_40.1037218105823	40.1037218105823	0.0997525882681353	-0.0043330963216813845
HOUSE4970_4949_40.1924141289071	40.1924141289071	0.1040355130081353	-2.76823892709846E-4
HOUSE4883_9685_44.543864094443	44.543864094443	0.1219920157141353	0.006559592997045935
HOUSE5658_13526_42.2042676273637	42.2042676273637	0.11365994884854429	0.00420634093924499
HOUSE2900_11117_43.0194599966306	43.0194599966306	0.1116033349299353	6.651127076146013E-5
HOUSE2065_15511_44.4202284804011	44.4202284804011	0.11767892974993528	0.0025624565781650344
HOUSE3169_9919_44.5982616464607	44.5982616464607	0.10804774797993529	-0.007523687124156422
HOUSE1215_11276_40.3302075107996	40.3302075107996	0.1005505269086443	-0.004113939568248126
HOUSE3520_3469_43.8811296861316	43.8811296861316	0.11825913759864427	0.004520325873791836
HOUSE3831_12675_43.3353480475489	43.3353480475489	0.1099909401286443	-0.002353132209098441
HOUSE1380_11841_44.2672786675394	44.2672786675394	0.11473880241964428	1.3190928020032078E-5
HOUSE5724_13782_44.6992797464919	44.6992797464919	0.1113518433396443	-0.004477742484377045
HOUSE2581_7019_40.2335862858831	40.2335862858831	0.1066476900812353	0.0022301381549528626
HOUSE6019_16063_44.9872829200842	44.9872829200842	0.11623002594123528	-3.355490429653718E-4
HOUSE3085_3061_41.129151376869	41.129151376869	0.1100261495812353	0.0033199902379607016
HOUSE4360_8973_40.9141152936395	40.9141152936395	0.1061609532112353	4.316376099336439E-6
HOUSE2488_6927_40.079816371299	40.079816371299	0.1011610842162353	-0.00286351026834962
HOUSE797_14267_42.044227733522	42.044227733522	0.1035405079119353	-0.005504119687895326
HOUSE2488_2513_40.4528450814541	40.4528450814541	0.1008549708699353	-0.004122894662622417
HOUSE3532_8459_22.44137068083	22.44137068083	0.05767195899043528	-0.001277768197813195
HOUSE2103_10933_43.6175951350015	43.6175951350015	0.1125941457940353	-4.71206084714737E-4
HOUSE4748_9468_40.2874067840839	40.2874067840839	0.0999739036050353	-0.004581186053130987
HOUSE3248_3210_43.7250342385755	43.7250342385755	0.10460986269393531	-0.008730048713529448
HOUSE1144_10766_43.2590513796105	43.2590513796105	0.1058986823029353	-0.006250414681376257
HOUSE4514_4472_40.1688611249636	40.1688611249636	0.09400379087593529	-0.01024835656457905
HOUSE4514_9330_41.7744610289843	41.7744610289843	0.0987014429159353	-0.009653798633593988
HOUSE4009_3966_42.2468857843918	42.2468857843918	0.10083581341993529	-0.008726704753123468
HOUSE5732_9879_40.644513114759	40.644513114759	0.0987892048139353	-0.006678466414531126
HOUSE5732_9999_41.6031200210144	41.6031200210144	0.1066504852239353	-0.0012668961347248459
HOUSE1914_9912_40.6181584655753	40.6181584655753	0.0995080236210353	-0.005892298571385471
HOUSE2679_12652_40.7057457972832	40.7057457972832	0.0994454776430353	-0.00617867307843252
HOUSE2814_12931_43.7726185053409	43.7726185053409	0.1055289963181353	-0.00793251619565613
HOUSE2814_2809_44.8022328173716	44.8022328173716	0.10720415896003531	-0.008888522382099667
HOUSE6019_13313_44.6505530473898	44.6505530473898	0.1079131573310353	-0.007791907912524557
HOUSE6019_6120_41.3940506929066	41.3940506929066	0.10361437297543531	-0.0037687338566839146
HOUSE124_14884_44.4464708114665	44.4464708114665	0.11047763537443529	-0.004705899805579727
HOUSE1498_11360_44.6642734541092	44.6642734541092	0.1103902669114353	-0.0053498606909617025
HOUSE1815_14638_44.9364113598131	44.9364113598131	0.1094301966131353	-0.007005376619855702
HOUSE1831_12609_42.7748853934463	42.7748853934463	0.11140502586313529	4.93210097289809E-4
HOUSE3455_12781_43.8077707239816	43.8077707239816	0.1130162279704353	-5.351156780381006E-4
HOUSE2395_13347_44.7073655798724	44.7073655798724	0.11484142206043528	-0.0010088270279690198
HOUSE3956_3914_40.2158489457103	40.2158489457103	0.1127364996749353	0.008364275339785857
HOUSE4544_11958_42.279061036773	42.279061036773	0.1025779708632353	-0.007066770837721531
HOUSE2964_10981_40.0452918080896	40.0452918080896	0.1003322996832353	-0.0036040676336934335
HOUSE3641_3586_42.4457615955784	42.4457615955784	0.1037369560572353	-0.0063337872142816
HOUSE3641_3587_41.2452242313884	41.2452242313884	0.1035444282972353	-0.0034583540368618992
HOUSE2630_15491_44.4226146023192	44.4226146023192	0.11211660716323531	-0.00300596371865626
HOUSE2285_11434_42.4818544611878	42.4818544611878	0.10417366162723529	-0.005989316592657334
HOUSE5454_5440_40.422547278961	40.422547278961	0.1005735977672353	-0.0043268420413832
HOUSE2332_11049_44.5736729050944	44.5736729050944	0.1120657919022353	-0.003442806925150421
HOUSE5481_10153_41.0061887826305	41.0061887826305	0.1152923928322353	0.00890046313906577
HOUSE2681_9376_41.6936445561846	41.6936445561846	0.1116632572031353	0.0035145413220651484
HOUSE6019_11578_42.0689371833578	42.0689371833578	0.1133582752431353	0.004250502897341274
HOUSE407_10884_42.1584439726748	42.1584439726748	0.1114309362502353	0.002094430221134619
HOUSE407_11083_40.5417181188887	40.5417181188887	0.1086318483862353	0.0034268687168150652
HOUSE1757_11792_43.0719476324847	43.0719476324847	0.11473948710923529	0.003068531834252458
HOUSE1247_7354_23.3079746526321	23.3079746526321	0.05953342165223527	-0.001630903109571799
HOUSE1571_14467_44.9334296704058	44.9334296704058	0.1123249391012353	-0.004103014455015971
HOUSE4572_4518_43.7522520193992	43.7522520193992	0.1104548146352353	-0.002954651532340327
HOUSE2772_12126_43.9403745235096	43.9403745235096	0.1066248990722353	-0.007265312227708348
HOUSE1955_14250_43.5834920430739	43.5834920430739	0.1092300390622353	-0.0037481627144021756
HOUSE748_9452_31.2752617711667	31.2752617711667	0.0797992994942353	-0.0017253458922973502
HOUSE6018_16087_43.7658881937898	43.7658881937898	0.11114866067315529	-0.0022956525984039883
HOUSE4490_9017_40.6344250659458	40.6344250659458	0.1053015036341553	-1.4038768889804154E-4
HOUSE2208_10439_40.6689693708904	40.6689693708904	0.10028726876755531	-0.0052429001729563385
HOUSE355_343_41.3748112356044	41.3748112356044	0.10159433546555531	-0.0057396051304925005
HOUSE3767_9960_41.4728889313656	41.4728889313656	0.1055532661665553	-0.0020313109764279053
HOUSE1218_15056_44.5621150550743	44.5621150550743	0.1182467583075553	0.0027676954475121113
HOUSE6019_15454_44.2832131356404	44.2832131356404	0.1169690809280553	0.0022027490664112415
HOUSE145_11192_43.6238342802972	43.6238342802972	0.11551112062875529	0.002429824678107914
HOUSE178_157_43.4955190818217	43.4955190818217	0.1133819773595553	6.285895843154421E-4
HOUSE4643_8580_40.4636293240475	40.4636293240475	0.1016466820185553	-0.0033587425354898864
HOUSE4756_15612_44.3685803058064	44.3685803058064	0.1076178919136153	-0.007366594876995966
HOUSE4756_15868_44.9766251317661	44.9766251317661	0.1098518842325553	-0.00668645488276319
HOUSE6019_13209_44.9337415653281	44.9337415653281	0.11451554260455529	-0.0019132079959752468
HOUSE2412_13245_44.8334260121919	44.8334260121919	0.1141798417934553	-0.001992553438539782
HOUSE5492_5483_41.3761245878134	41.3761245878134	0.10406019432345531	-0.003277102530710313
HOUSE5712_11004_40.8866201461609	40.8866201461609	0.10565864618945531	-4.277270779241976E-4
HOUSE1724_9517_44.3308369072989	44.3308369072989	0.11948507146665531	0.004597037544334895
HOUSE1232_1216_42.2231831397569	42.2231831397569	0.10435020640165531	-0.005151739905818506
HOUSE527_11279_40.0123635845757	40.0123635845757	0.10082368531965531	-0.003028534259358215
HOUSE1193_7378_44.1892317925605	44.1892317925605	0.1090267431012353	-0.00549942040079264
HOUSE1193_7126_43.5715496081069	43.5715496081069	0.1095894624842353	-0.003358220522167013
HOUSE6019_15240_44.3581721150964	44.3581721150964	0.1077666232452353	-0.007191265520624754
HOUSE5608_10067_44.283816475654	44.283816475654	0.1132665443952353	-0.00150132929563368
HOUSE1515_7663_40.0673356233165	40.0673356233165	0.1006586603286353	-0.0033340397323171483
HOUSE3896_15252_42.7077261085098	42.7077261085098	0.1069253006946353	-0.0038148902064487067
HOUSE5824_5805_44.615230922181	44.615230922181	0.11228182325973529	-0.003332976654648115
HOUSE898_14844_44.6754245942511	44.6754245942511	0.1130119493227353	-0.0027566749040763283
HOUSE2953_14256_42.9738027579151	42.9738027579151	0.1064504134076353	-0.00496973364565538
HOUSE2325_14124_40.8120795700233	40.8120795700233	0.1008022178066353	-0.0050936677819228005
HOUSE2066_2067_43.1656434897325	43.1656434897325	0.1070866114396353	-0.004823782638843879
HOUSE4611_4565_30.6749240357894	30.6749240357894	0.0669278521679353	-0.013062636284931858
HOUSE1179_10746_41.1423658325501	41.1423658325501	0.0898067952939353	-0.01693313345548038
HOUSE4334_9446_41.2519216258079	41.2519216258079	0.0961207640519353	-0.010899133405001413
HOUSE1388_13364_43.5956826597194	43.5956826597194	0.1087272285819353	-0.004282126190674668
HOUSE4188_10139_42.2643172628465	42.2643172628465	0.11011877224893529	5.117081112313016E-4
HOUSE3095_10961_41.8032497545157	41.8032497545157	0.1074689544021353	-9.59856440614637E-4
HOUSE6019_12221_42.2041809870305	42.2041809870305	0.10481934227583531	-0.0046340442249799135
HOUSE6019_15165_43.8211993031465	43.8211993031465	0.1079412637038353	-0.00564439654114883
HOUSE5784_5773_42.2564657725153	42.2564657725153	0.1058271338138353	-0.0037598659207479374
HOUSE1845_14864_41.6506186091899	41.6506186091899	0.10603364922683531	-0.002005114287392598
HOUSE2449_14959_44.8931115724418	44.8931115724418	0.1140525461469353	-0.0022723749229359436
HOUSE1216_15703_44.0656045571564	44.0656045571564	0.1127190689199353	-0.0014911664482965964
HOUSE2040_13341_40.2060777670704	40.2060777670704	0.1068881721119353	0.0025409179237166762
HOUSE3964_3920_44.3233407714015	44.3233407714015	0.11712603038293529	0.0022571527591198765
HOUSE3320_14009_41.5416928066406	41.5416928066406	0.1107953311629353	0.0030349264214256516
HOUSE2782_10419_40.2622727023193	40.2622727023193	0.1030159176750353	-0.0014749420946229136
HOUSE5259_8263_42.828189959837	42.828189959837	0.11938055585503529	0.00833252081576212
HOUSE1738_12485_40.5007199533165	40.5007199533165	0.10868361625203529	0.0035834069748021113
HOUSE3330_7947_42.8904208153469	42.8904208153469	0.11011947051893531	-0.0010875948341802083
HOUSE3330_8137_40.944541229098	40.944541229098	0.10613722893334429	-9.716106821154591E-5
HOUSE5526_14093_40.180669024121	40.180669024121	0.1043167949069353	3.447250106920763E-5
HOUSE960_943_42.7472992164542	42.7472992164542	0.1118511798439353	0.0010098602708356469
HOUSE421_16491_44.9995615879525	44.9995615879525	0.1151917519464353	-0.0014052010477358517
HOUSE1051_13018_44.9671875795392	44.9671875795392	0.1153562222059353	-0.0011579993413335515
HOUSE2341_11384_42.6717770018149	42.6717770018149	0.1088349610869353	-0.0018133622402065064
HOUSE2341_12160_43.2915037837337	43.2915037837337	0.11134116817593531	-8.908605947122034E-4
HOUSE6019_14285_44.713409596276	44.713409596276	0.0973609481659353	-0.018504746344481238
HOUSE6019_6165_24.6528846904882	24.6528846904882	0.057143467555344274	-0.007457761032667376
HOUSE6019_10816_44.62036341778	44.62036341778	0.1146875589879353	-9.403569663806316E-4
HOUSE2857_13985_42.0877765062727	42.0877765062727	0.1124594256379353	0.0033035095953981575
HOUSE4077_4037_44.9828787601043	44.9828787601043	0.1068171881379353	-0.009737132060547313
HOUSE4527_8284_44.6104199124966	44.6104199124966	0.1052492527752353	-0.010353252653177464
HOUSE2327_10136_43.0850135500077	43.0850135500077	0.10535417992523531	-0.006350165168147015
HOUSE2912_2910_40.0029971491242	40.0029971491242	0.0999778283439353	-0.00385045540521968
HOUSE745_726_42.8069062107108	42.8069062107108	0.0997525794328353	-0.011241065203549352
HOUSE743_11304_44.7224449400419	44.7224449400419	0.1065846547368353	-0.009304129502028496
HOUSE4362_8300_44.8664967287249	44.8664967287249	0.10958857157783529	-0.006668335531525793
HOUSE2382_13669_44.4678452997889	44.4678452997889	0.10317128279603531	-0.012066874669954708
HOUSE748_14769_44.3366175810901	44.3366175810901	0.10394935246983529	-0.010953453905148722
HOUSE5611_5602_40.1407971275381	40.1407971275381	0.09820358160483529	-0.005976848577709845
HOUSE3306_15869_43.5560154081321	43.5560154081321	0.1077435934508353	-0.005164392066643861
HOUSE6019_11167_40.4985567159019	40.4985567159019	0.0979302692945353	-0.007164411851642308
HOUSE1805_13632_40.1019463257398	40.1019463257398	0.0960657002105353	-0.008015447145952162
HOUSE246_229_44.8633010669764	44.8633010669764	0.1045272554195353	-0.01172148520895977
HOUSE2557_11795_43.0909584201527	43.0909584201527	0.1025288934495353	-0.009190643698610945
HOUSE1822_10819_42.4261770090868	42.4261770090868	0.1011838455498353	-0.008836849511501765
HOUSE1513_1493_42.1178812395486	42.1178812395486	0.09654493599503529	-0.012687912385034084
HOUSE1138_14011_43.5301258655817	43.5301258655817	0.1079445127950353	-0.0048973122616356585
HOUSE4988_11451_43.5121298920508	43.5121298920508	0.0996599813310353	-0.013135855199605154
HOUSE5962_5939_42.025768753208	42.025768753208	0.0945863988960353	-0.01441105696867305
HOUSE5962_5938_40.0275792936431	40.0275792936431	0.0911036442560353	-0.012787458911649716
HOUSE502_10590_41.8330607539974	41.8330607539974	0.10022691345203529	-0.008278079094544435
HOUSE4378_14231_43.0140362597349	43.0140362597349	0.10440689251103528	-0.007116070844055397
HOUSE1654_14922_43.1273732080536	43.1273732080536	0.1047612124710353	-0.00705138229460521
HOUSE1374_1355_40.959758615134	40.959758615134	0.11053725243393529	0.004263974558231881
HOUSE831_12282_43.8349332776852	43.8349332776852	0.10110119157393531	-0.012519565702309221
HOUSE1216_10023_40.243896950275	40.243896950275	0.1037746467859353	-6.692539375913881E-4
HOUSE2204_9719_40.0113081320378	40.0113081320378	0.11056550742193531	0.006715985041071695
HOUSE260_240_41.5633741789497	41.5633741789497	0.1146555455199353	0.00683973425356596
HOUSE1826_13061_40.5231964285485	40.5231964285485	0.1105803901539353	0.005422742474466974
HOUSE6019_11671_43.5212948650587	43.5212948650587	0.11656704064693531	0.003747783121647419
HOUSE1578_11104_41.0259622039178	41.0259622039178	0.11075481884493531	0.0043123583761997125
HOUSE2792_11397_42.1026757231448	42.1026757231448	0.11581678461993532	0.006622793781290021
HOUSE2795_14644_41.8996558448319	41.8996558448319	0.11552808665993532	0.006852911040842902
HOUSE1578_10960_43.2534050871618	43.2534050871618	0.1180269798739353	0.005892311932142999
HOUSE2384_15130_44.9095685881653	44.9095685881653	0.12100774073793531	0.004640763932947267
HOUSE1399_15382_44.5072142892922	44.5072142892922	0.11979610453893531	0.0044573400235151245
HOUSE1005_978_42.7610283249493	42.7610283249493	0.10375202028993531	-0.0071243838793001585
HOUSE4989_7635_43.8136131144131	43.8136131144131	0.11215128602093528	-0.0014149877964438617
HOUSE5975_10280_41.4957550825	41.4957550825	0.10120144626093529	-0.006441565097060287
HOUSE3990_9768_42.3390063781308	42.3390063781308	0.1093908147839353	-4.0711662285804195E-4
HOUSE4940_8134_40.9646238200251	40.9646238200251	0.1034835157319353	-0.002802195125034393
HOUSE462_434_44.4362659212816	44.4362659212816	0.11249453742543529	-0.0026629192622380643
HOUSE4883_13524_44.7982555649469	44.7982555649469	0.11332793832443529	-0.002754579189866241
HOUSE1157_13936_44.4190794627864	44.4190794627864	0.1128945729579353	-0.0022189639110896386
HOUSE4940_13010_41.8968510641794	41.8968510641794	0.1040724027389353	-0.004595605291928248
HOUSE1496_13901_41.2319896975532	41.2319896975532	0.1034936995199353	-0.003475262098503684
HOUSE485_14311_44.0669279800929	44.0669279800929	0.11307330602733529	-0.0011403113346553917
HOUSE2599_8596_44.2074868665077	44.2074868665077	0.11761131880733527	0.00303850465081687
HOUSE2489_13165_40.8090858673677	40.8090858673677	0.10647146042633528	5.832252142499161E-4
HOUSE2533_14414_44.8879058012021	44.8879058012021	0.12166916398433528	0.00535754620954583
HOUSE2955_2946_43.3738146314863	43.3738146314863	0.11493203396433527	0.002489660665342938
HOUSE1741_1732_40.9698485024273	40.9698485024273	0.10950943027733528	0.0032103677980017398
HOUSE3787_11067_40.3352110887618	40.3352110887618	0.10322838393733527	-0.001448869131789307
HOUSE961_10430_40.8310578674841	40.8310578674841	0.10201309737733527	-0.003931287055994506
HOUSE3841_12969_41.9934831358382	41.9934831358382	0.11789699518634529	0.008982044886132926
HOUSE3728_12874_43.8288228295278	43.8288228295278	0.12616761352634528	0.012562471437779374
HOUSE2001_13855_41.288038068451	41.288038068451	0.1150940800693453	0.007981887413164745
HOUSE4496_4460_40.3941864729859	40.3941864729859	0.10414057924134529	-6.873848180956321E-4
HOUSE4547_4495_42.0428259915207	42.0428259915207	0.10662788811134528	-0.0024131573511586707
HOUSE689_656_40.4021969883079	40.4021969883079	0.10435152847934528	-4.969063699515469E-4
HOUSE216_9630_44.8322572893861	44.8322572893861	0.11846681890034529	0.0022974103275095192
HOUSE66_11796_44.2112440253262	44.2112440253262	0.1184231129073453	0.0038406973699497277
HOUSE3027_11580_44.7760401829146	44.7760401829146	0.1188561204273453	0.002830374094281371
HOUSE1943_1941_42.3770251846872	42.3770251846872	0.11169868653734528	0.0018035984598130383
HOUSE1943_9225_40.9111965641529	40.9111965641529	0.10841597021734528	0.00226679216551659
HOUSE6019_12915_44.4403697756686	44.4403697756686	0.10850010758134529	-0.0066678364641794136
HOUSE2986_14315_43.8574603191783	43.8574603191783	0.11108535563734528	-0.0025929692626966844
HOUSE1158_11253_42.0003880511048	42.0003880511048	0.1063797648249453	-0.0025528309155057605
HOUSE5435_13402_44.9498380487785	44.9498380487785	0.11738460908094529	9.147240818290076E-4
HOUSE1313_14266_44.8538931582972	44.8538931582972	0.12367126973594529	0.007446570921717355
HOUSE505_12653_42.7755246918915	42.7755246918915	0.11208566927894528	0.0011722197924712574
HOUSE6019_10191_43.5168108867947	43.5168108867947	0.11101399755894528	-0.0017938012058170971
HOUSE2626_12500_41.6181421718764	41.6181421718764	0.12719488349975427	0.019239113188433965
HOUSE1349_13039_44.5496988960076	44.5496988960076	0.12186189615975429	0.006414562667030832
HOUSE560_8962_43.0416424188297	43.0416424188297	0.11640063716975428	0.004807126557858976
HOUSE3516_6397_40.9881658985757	40.9881658985757	0.11842896853975429	0.012083096142183461
HOUSE3516_10509_40.8327417909181	40.8327417909181	0.1159386446047543	0.009989956922336882
HOUSE2223_6902_40.8820868258183	40.8820868258183	0.11857735811875429	0.01250256970507678
HOUSE1446_13602_40.1527092833046	40.1527092833046	0.1209659978487543	0.01675512627416073
HOUSE6019_11204_42.7929451700766	42.7929451700766	0.12970512833275427	0.018747160992711287
HOUSE3788_11388_40.0296347333397	40.0296347333397	0.1189462851267543	0.015049929303977916
HOUSE2348_10903_44.5133986037991	44.5133986037991	0.12751547994375428	0.012160911475955924
HOUSE6019_6143_40.7253205007873	40.7253205007873	0.1203826896437543	0.014708515967979965
HOUSE493_10894_44.5491119465747	44.5491119465747	0.12227895107334529	0.006833117523885643
HOUSE11_15507_44.9452594543128	44.9452594543128	0.12782134314334528	0.01136315869548886
HOUSE4809_14603_43.6121329064478	43.6121329064478	0.13119499676534527	0.018143603555716148
HOUSE2655_2658_40.6021576821899	40.6021576821899	0.12245910903534528	0.01709967668097437
HOUSE56_8607_42.1164631688587	42.1164631688587	0.11669616423234529	0.007466939717399049
HOUSE326_11496_40.0424044803623	40.0424044803623	0.11653729197634528	0.012608303195849588
HOUSE3816_13170_44.1471134526992	44.1471134526992	0.12582023156834526	0.011401701052426522
HOUSE3771_9360_41.0822505589339	41.0822505589339	0.11314262310634528	0.006556318322911883
HOUSE2108_12047_42.7819519655451	42.7819519655451	0.12146538523934529	0.010535510920882243
HOUSE2108_11600_41.846395698376	41.846395698376	0.11794409910834529	0.009405029247992164
HOUSE2190_10735_42.2846114195466	42.2846114195466	0.10510444668234528	-0.004554478964938463
HOUSE2865_11217_42.9513359743475	42.9513359743475	0.11192284440234529	5.601109843406532E-4
HOUSE3943_7756_40.6473768968782	40.6473768968782	0.10795011133534528	0.002475121741006156
HOUSE1565_13581_44.491500146687	44.491500146687	0.11493445879534529	-3.6414838960287244E-4
HOUSE473_14146_43.8403364435707	43.8403364435707	0.12273853909634529	0.009103974085023475
HOUSE5755_14289_43.0678164280783	43.0678164280783	0.12307039588434528	0.011409997859908219
HOUSE1559_7119_43.3331909162731	43.3331909162731	0.11844717626975429	0.006108616458891963
HOUSE5694_14994_44.1819294164599	44.1819294164599	0.11984174513975429	0.005334242785055232
HOUSE3594_3544_42.6745398838794	42.6745398838794	0.10728353031975428	-0.0033718535242039244
HOUSE671_10481_43.6195156432223	43.6195156432223	0.11865385652975428	0.005583596811917224
HOUSE5995_5972_40.0356421620088	40.0356421620088	0.10528258717275428	0.0013708794275464203
HOUSE3987_3944_44.1999763259782	44.1999763259782	0.12324020738575428	0.008686586338630661
HOUSE2919_12293_41.0188905721328	41.0188905721328	0.10753475247575428	0.0011103634896125064
HOUSE1635_13070_40.0771964457817	40.0771964457817	0.10732764902725428	0.003309749735493653
HOUSE1838_1834_40.1354904679098	40.1354904679098	0.10128522051725428	-0.002881648550965357
HOUSE3698_3638_43.3881934708916	43.3881934708916	0.11548893977125428	0.0030098214954401292
HOUSE394_378_43.8750537508167	43.8750537508167	0.11291968647966329	-8.035982547260206E-4
HOUSE528_10890_42.5709521687297	42.5709521687297	0.11227151306966328	0.0018808465707501887
HOUSE5175_5144_43.0083774440453	43.0083774440453	0.11304690173425429	0.0015383994246967042
HOUSE1407_13809_44.3080357093232	44.3080357093232	0.11931345256425427	0.004483686869814485
HOUSE6019_14329_43.677050263372	43.677050263372	0.11661306997225428	0.0033957811219356426
HOUSE5797_13638_44.0396444240801	44.0396444240801	0.11985104689125427	0.0057071523771964755
HOUSE3728_12605_44.743809799886	44.743809799886	0.11522454110925427	-7.188408101068411E-4
HOUSE4965_4944_40.0352682451388	40.0352682451388	0.10676639646925427	0.0028556442647777597
HOUSE582_11985_44.7192425999654	44.7192425999654	0.12497320897525428	0.009092608283655323
HOUSE5473_9844_42.4268041187471	42.4268041187471	0.11750605583525428	0.00748375820160363
HOUSE4366_11354_40.651013545993	40.651013545993	0.10856618389325429	0.003081900879351465
HOUSE2746_2751_44.1307990008499	44.1307990008499	0.11420814042275428	-1.6869867856793286E-4
HOUSE2649_8220_30.0476808623931	30.0476808623931	0.07648667949275428	-0.001900895455174717
HOUSE2056_8863_40.0001005388283	40.0001005388283	0.09441475232275429	-0.00940612916845869
HOUSE1076_14019_43.2377352860245	43.2377352860245	0.10752276551775429	-0.004571858407733026
HOUSE941_924_41.0444631357677	41.0444631357677	0.1108653643477543	0.004375624937176151
HOUSE2565_12759_40.4738744551682	40.4738744551682	0.1089139341987543	0.0038823283170681816
HOUSE2902_13178_41.7002815904561	41.7002815904561	0.11249096847775429	0.004325291723584604
HOUSE1584_1569_44.6221971174236	44.6221971174236	0.1205962309167543	0.004963628961781208
HOUSE1584_1568_42.0713310050752	42.0713310050752	0.11411756167675428	0.005003671944080676
HOUSE1503_11037_43.0423124633471	43.0423124633471	0.1127428705034543	0.0011476475996578667
HOUSE4120_10691_44.5138578611036	44.5138578611036	0.1147870877614543	-5.686543336816813E-4
HOUSE152_9297_43.6670631170273	43.6670631170273	0.1167098092289543	0.003518042428824017
HOUSE3848_3807_44.864630418805	44.864630418805	0.11756313454995429	0.0013109967764774189
HOUSE3949_6952_40.5772134528625	40.5772134528625	0.1025317198949543	-0.002763967736867212
HOUSE6019_10427_40.5744243231914	40.5744243231914	0.11482671243495429	0.009538152395439009
HOUSE1165_1133_40.1197506271484	40.1197506271484	0.10193683479695428	-0.0021898112694183763
HOUSE3509_11007_43.1984578981064	43.1984578981064	0.1071319409969543	-0.004862309966015568
HOUSE757_12561_42.8171920384291	42.8171920384291	0.1109562904449543	-6.363951880962448E-5
HOUSE2887_12243_44.8541122477036	44.8541122477036	0.13342920792295432	0.0172039492279924
HOUSE4995_4969_42.3828106524888	42.3828106524888	0.1156365260729543	0.0057266532917139845
HOUSE592_11637_42.6943070847679	42.6943070847679	0.1127560051952543	0.0020501064718954354
HOUSE4364_15247_43.3334213785592	43.3334213785592	0.1140718141469543	0.0017326653920804042
HOUSE2557_2569_31.7945051812487	31.7945051812487	0.0871881691017543	0.004336602499221867
HOUSE599_9190_40.465006852745	40.465006852745	0.1048611266517543	-1.478181627676961E-4
HOUSE3527_7405_42.679046686397	42.679046686397	0.11471986630175429	0.00405296537012427
HOUSE825_803_40.7310344928856	40.7310344928856	0.10178083154075429	-0.003907944183300427
HOUSE6019_14333_41.9059161597397	41.9059161597397	0.10754760091305429	-0.0011435728766623493
HOUSE1523_14895_44.8313230911006	44.8313230911006	0.1125683707940543	-0.0035986504446316042
HOUSE1561_11657_40.4132603713746	40.4132603713746	0.10187116608075429	-0.003005541130650352
HOUSE361_11872_40.2179749982186	40.2179749982186	0.1036772827157543	-7.003747248035541E-4
HOUSE2464_13875_44.9589668895357	44.9589668895357	0.1130885074657543	-0.003404706192412843
HOUSE1333_14737_41.8860487215593	41.8860487215593	0.10663858215975429	-0.002001820595188955
HOUSE2156_2172_40.4986564635886	40.4986564635886	0.1041670956020543	-9.278404483149955E-4
HOUSE2156_8836_40.1119146284488	40.1119146284488	0.10411989799205429	1.327674009650448E-5
HOUSE5502_11278_41.0258977903326	41.0258977903326	0.10332093198905429	-0.0031213638714241015
HOUSE3241_8073_40.1525196539518	40.1525196539518	0.1072041114891543	0.0029937245104295074
HOUSE155_7749_40.0786866806452	40.0786866806452	0.10839979800915431	0.00437809043746408
HOUSE2925_14890_43.0097529804743	43.0097529804743	0.1124324957951543	9.204783163416358E-4
HOUSE155_14138_40.4556961997878	40.4556961997878	0.1050218696551543	3.671811889800758E-5
HOUSE4936_8698_40.1482050942483	40.1482050942483	0.1059262326089543	0.0017268714433589794
HOUSE1356_10437_40.8732960634624	40.8732960634624	0.1110128038999543	0.004960480189435984
HOUSE2752_2752_24.9589163651265	24.9589163651265	0.06783955887895429	0.0024562694810011665
HOUSE256_11743_40.2519783816935	40.2519783816935	0.1087267208644543	0.004262168125713478
HOUSE1825_10853_41.4826345254923	41.4826345254923	0.10451472015445429	-0.0030947617544983125
HOUSE860_10234_40.0096095482047	40.0096095482047	0.09961915736445429	-0.004226024302821971
HOUSE1319_1299_41.1509252396729	41.1509252396729	0.11116699849705429	0.004405196270407891
HOUSE1319_9526_41.8313436141685	41.8313436141685	0.1131388637170543	0.004638259303719153
HOUSE1146_8884_44.6399430376397	44.6399430376397	0.1146379322315543	-0.0010400192407645503
HOUSE4047_7221_44.8048321246929	44.8048321246929	0.11643633433355431	3.3701048818374213E-4
HOUSE335_319_40.7385395288044	40.7385395288044	0.11024788349455429	0.004539928728081052
HOUSE5669_9382_42.0136382251419	42.0136382251419	0.1101399347854543	0.00117347836096926
HOUSE6019_10910_44.3943324661814	44.3943324661814	0.1186014775914543	0.0035511814187768748
HOUSE2140_11978_42.225545339752	42.225545339752	0.1076895577654543	-0.0018184251199116486
HOUSE1484_6677_15.7360398514589	15.7360398514589	0.04553601985845428	0.003721696923838738
HOUSE3289_9632_44.636842739472	44.636842739472	0.11776337661985428	0.002093347927747513
HOUSE4037_3996_43.05130140041	43.05130140041	0.10291610243985429	-0.008702091600535214
HOUSE1069_9267_44.8151290166017	44.8151290166017	0.11449775863785429	-0.0016278788093210539
HOUSE1088_14648_41.7227743263324	41.7227743263324	0.10407416758985429	-0.0041489891204604945
HOUSE1088_14469_41.9365613801574	41.9365613801574	0.10549869774285428	-0.003270789593749393
HOUSE6019_12480_44.386547759641	44.386547759641	0.11036283815685428	-0.004667564277995709
HOUSE1780_1784_23.0195808039098	23.0195808039098	0.05866371446875428	-0.0017636227665803403
HOUSE2529_2543_40.3341161052576	40.3341161052576	0.10691158813665427	0.0022371332866590737
HOUSE5461_5445_40.0037508870417	40.0037508870417	0.10523052024665427	0.0014003103279714435
HOUSE1315_1293_40.0006152147332	40.0006152147332	0.10548848630245429	0.0016662895622380075
HOUSE3775_3734_31.3288965441938	31.3288965441938	0.08005325117245429	-0.0016084573271831493
HOUSE4234_9697_40.630281457484	40.630281457484	0.10464095006555428	-7.903523085167757E-4
HOUSE1621_9562_41.0706692514866	41.0706692514866	0.10438169885555428	-0.002175010015321624
HOUSE1485_11922_42.3639258857359	42.3639258857359	0.11908352095555429	0.009221908002319631
HOUSE6019_6177_41.8419774947688	41.8419774947688	0.11748419713955428	0.008956417953264947
HOUSE3312_3267_44.9778348258518	44.9778348258518	0.12845465500655426	0.011913224530390301
HOUSE366_12486_40.6935788562987	40.6935788562987	0.11552902212155426	0.009935963893149768
HOUSE5197_14727_41.9847090247395	41.9847090247395	0.11417288674085428	0.005280358591683881
HOUSE5601_11369_44.5780511188786	44.5780511188786	0.12114486929385428	0.005625081985987851
HOUSE5981_5957_44.1955707757734	44.1955707757734	0.12423812765265428	0.009695764943954202
HOUSE84_10849_40.0663514216928	40.0663514216928	0.10894970328265428	0.004959518338870303
HOUSE4456_4423_44.1933197621256	44.1933197621256	0.11783297760275428	0.0032963673363746587
HOUSE5544_12789_41.9388630997855	41.9388630997855	0.11464737938475426	0.005872010027216851
HOUSE1900_9825_43.8523229618639	43.8523229618639	0.11518323037475427	0.0015180339387087377
HOUSE979_963_44.6849400102197	44.6849400102197	0.12402083659275427	0.008227895817898623
HOUSE6019_9690_42.1048670203891	42.1048670203891	0.11456643931475428	0.005366848638446012
HOUSE4807_4773_41.35728113821	41.35728113821	0.11829900140275428	0.01100985879104198
HOUSE2541_10186_41.1089031681032	41.1089031681032	0.11522404868275428	0.008569633429583959
HOUSE2691_12309_40.0587488339224	40.0587488339224	0.11014333721775428	0.006172580609146383
HOUSE880_11272_41.1648246149179	41.1648246149179	0.11429773375375428	0.007500411816036695
HOUSE5354_5329_43.2524039606481	43.2524039606481	0.12823208863055427	0.016099979057313474
HOUSE3725_11425_43.9684570362616	43.9684570362616	0.11988009837555429	0.005918122501914216
HOUSE1526_15178_44.1525086773121	44.1525086773121	0.12524855576255425	0.010816237805399018
HOUSE6019_13674_43.5101169603877	43.5101169603877	0.12122904254265428	0.008438350038260989
HOUSE4480_4446_44.8425986434783	44.8425986434783	0.12469014073955427	0.008494304942259487
HOUSE1217_13332_43.3277644872184	43.3277644872184	0.12451116232255428	0.012186469695559837
HOUSE4436_14908_44.6819008973583	44.6819008973583	0.12823117832955427	0.012446003976487166
HOUSE2203_10722_43.0008456855878	43.0008456855878	0.11579606879475428	0.004306813816789157
HOUSE4812_10339_43.922076607181	43.922076607181	0.12084977735475426	0.007006326192567927
HOUSE6019_12235_40.5236769048948	40.5236769048948	0.10669892786445428	0.0015400523326043747
HOUSE180_13205_43.9668950229545	43.9668950229545	0.11154062515245426	-0.0024173590121787936
HOUSE6019_14078_44.1634968177314	44.1634968177314	0.11009429375845427	-0.004366104278994046
HOUSE5123_12840_42.0891079935245	42.0891079935245	0.11089517293445426	0.001735854289883182
HOUSE1434_15134_44.5527042101714	44.5527042101714	0.11606243063575429	6.074170934678297E-4
HOUSE4791_6550_40.8219581176453	40.8219581176453	0.10821097790865429	0.0022898477928313676
HOUSE4844_4809_41.5808593749534	41.5808593749534	0.11145384033375429	0.0035933458280934666
HOUSE3664_10807_40.2322838817353	40.2322838817353	0.11012359988475427	0.005709376238931377
HOUSE5600_5595_43.4856088878482	43.4856088878482	0.11546782936475426	0.0027397669887063297
HOUSE3981_12490_43.9753452504679	43.9753452504679	0.11440785748975428	4.282788552640443E-4
HOUSE3981_12533_42.7839775564389	42.7839775564389	0.11157058277275426	6.355320775096734E-4
HOUSE2221_12365_40.2373657603249	40.2373657603249	0.10176267383875427	-0.0026645364957520873
HOUSE1349_8745_40.3817656677956	40.3817656677956	0.10295583448345429	-0.0018403883355456452
HOUSE4651_13770_41.4270463073626	41.4270463073626	0.10214880114075428	-0.005318625646142425
HOUSE768_8672_41.4556261815596	41.4556261815596	0.11752663875985428	0.009986176397182786
HOUSE2537_2555_44.6352555777412	44.6352555777412	0.10895369072246329	-0.006712281994097263
HOUSE1657_1649_43.5448020931902	43.5448020931902	0.10862691427946328	-0.004252415726536715
HOUSE897_11553_40.2806150500913	40.2806150500913	0.10126580935946329	-0.0032719240920507375
HOUSE3300_7022_40.9766622679308	40.9766622679308	0.10071998493646328	-0.0055964900508229665
HOUSE5720_11473_43.3498878772213	43.3498878772213	0.10819259136546329	-0.004188637358079866
HOUSE1758_12384_43.3169585510907	43.3169585510907	0.10804930584946329	-0.004247772318438994
HOUSE3100_13454_44.76747704437	44.76747704437	0.10621488225946328	-0.009788981060759733
HOUSE4046_6931_40.1105066442683	40.1105066442683	0.10031504170946329	-0.0037879814533428036
HOUSE5028_9721_40.5709914750394	40.5709914750394	0.09644047286546328	-0.008839314565761258
HOUSE737_12737_42.9161165914782	42.9161165914782	0.11116313319606329	-1.0959744976112018E-4
HOUSE5288_5266_44.6494954428194	44.6494954428194	0.11776319105506328	0.00206082850915032
HOUSE2312_12334_44.5470725634076	44.5470725634076	0.11351759473146328	-0.001923027195201682
HOUSE5783_12458_40.4498460464163	40.4498460464163	0.10024801483256328	-0.004722186696673611
HOUSE5783_13617_42.6640985855042	42.6640985855042	0.10639013654846328	-0.004238564664444389
HOUSE12_8894_40.7379789658131	40.7379789658131	0.10153839840246329	-0.004168123851027369
HOUSE2205_11601_40.326418443583	40.326418443583	0.10568192025556329	0.0010271367011325389
HOUSE4601_4551_42.8356760220597	42.8356760220597	0.10409272224856328	-0.006974443346042372
HOUSE3506_3451_43.3887746407258	43.3887746407258	0.10468257792956329	-0.007798025519809404
HOUSE1094_13996_40.7031163037755	40.7031163037755	0.10019094618756329	-0.005426484890178773
HOUSE5538_5532_41.1442245380022	41.1442245380022	0.10241794421116328	-0.004326734440997057
HOUSE181_15737_43.6250076541572	43.6250076541572	0.11132621338116327	-0.00175808111436479
HOUSE1167_13497_41.9435133971274	41.9435133971274	0.11099534817986327	0.0022080950351003326
HOUSE4376_10122_30.2592154564894	30.2592154564894	0.07567773372727228	-0.003250415709180235
HOUSE3451_9591_40.1712614799934	40.1712614799934	0.10044864576986329	-0.003809635753343532
HOUSE4120_11076_41.3538206353212	41.3538206353212	0.11016829169486328	0.0028879923628383486
HOUSE1205_1182_42.7504547697026	42.7504547697026	0.11224474442327229	0.0013953608661677885
HOUSE2864_11797_42.6986440928809	42.6986440928809	0.11740292882197229	0.0066859469188034065
HOUSE1205_1183_42.5210310984403	42.5210310984403	0.11404765114097228	0.0037845574258562192
HOUSE6002_5980_43.4180473885093	43.4180473885093	0.11931844036727228	0.006763030710771403
HOUSE6019_9788_40.4048501106445	40.4048501106445	0.11744155790986328	0.012586343033610448
HOUSE264_12444_42.2091034054756	42.2091034054756	0.12002664118986328	0.010560675499130534
HOUSE2986_2975_32.5507080650423	32.5507080650423	0.08679780720986328	0.0020137718833705687
HOUSE6019_12481_43.4900107409339	43.4900107409339	0.11410040969375428	0.0013610984272327958
HOUSE1090_13749_40.1549654007106	40.1549654007106	0.10614964535975428	0.001933008300238473
HOUSE4337_10631_40.2784489210546	40.2784489210546	0.1063789651837543	0.0018467672528064971
HOUSE5547_11052_43.9382900763303	43.9382900763303	0.11413199669375428	2.4711217722693524E-4
HOUSE1401_6604_42.1638392136125	42.1638392136125	0.11458807515975429	0.00523778164769928
HOUSE2201_15670_42.6137519475291	42.6137519475291	0.11743184626875429	0.006931805373505462
HOUSE2649_12352_43.9655350823887	43.9655350823887	0.12096878121725428	0.007014272366807656
HOUSE6019_15944_44.684601191258	44.684601191258	0.12426299705425427	0.00847092212778483
HOUSE2500_15966_44.5568037200555	44.5568037200555	0.12393274015325427	0.008467250355449124
HOUSE2649_7293_42.2375098710102	42.2375098710102	0.11565879612025427	0.006120237997807337
HOUSE3892_12656_43.8098014506977	43.8098014506977	0.12156447539675429	0.008007942246958055
HOUSE1523_13321_42.7028263744432	42.7028263744432	0.11816279044775428	0.0074351207668908875
HOUSE4509_12873_41.0300294928268	41.0300294928268	0.10970776430675429	0.0032549099228718487
HOUSE4310_11361_44.8298472108997	44.8298472108997	0.11867254666816328	0.002509297026213747
HOUSE6019_12359_42.3884456916662	42.3884456916662	0.11379324707816328	0.0038689740120232546
HOUSE2188_16658_44.7202124861938	44.7202124861938	0.11806727427866327	0.002184195052741894
HOUSE2415_15184_44.5195639872082	44.5195639872082	0.11870059927966327	0.0033302752377132455
HOUSE3006_2997_43.2310368641908	43.2310368641908	0.11475391911466327	0.002676412937561934
HOUSE3645_3588_23.5783159232233	23.5783159232233	0.06870686860775428	0.006851689497981289
HOUSE5485_5473_41.584764937148	41.584764937148	0.10508093661475428	-0.0027895385150912833
HOUSE5994_5970_41.5822254098745	41.5822254098745	0.10448163252475427	-0.0033823528691555305
HOUSE4152_7071_42.9906887838774	42.9906887838774	0.1164797228575543	0.005016423737875794
HOUSE152_136_44.5903500670101	44.5903500670101	0.1197110289175543	0.004159811773712496
HOUSE2020_10465_43.0882631172426	43.0882631172426	0.10634615409755431	-0.005366495231612395
HOUSE6019_11138_43.8183657017524	43.8183657017524	0.1156877056747543	0.002109286669109006
HOUSE119_7427_24.3859349289573	24.3859349289573	0.06338550319675428	-5.335380099567716E-4
HOUSE2664_2675_40.1382338253988	40.1382338253988	0.0997840000567543	-0.004389879633429045
HOUSE2724_9247_30.9144492179621	30.9144492179621	0.0877613869225543	0.00715879432003412
HOUSE1457_15928_44.8447779081704	44.8447779081704	0.11636173752295427	1.6033263706041745E-4
HOUSE1457_10936_40.0193191609875	40.0193191609875	0.10608354392295428	0.002213549439664425
HOUSE1407_9797_42.9342567210551	42.9342567210551	0.11050770164295427	-8.113859181996391E-4
HOUSE1869_1859_40.4955218778923	40.4955218778923	0.11204426139265429	0.006957335743925222
HOUSE135_13391_41.8199256400112	41.8199256400112	0.1053671286506543	-0.0031042972466729657
HOUSE3626_3568_31.6595653707627	31.6595653707627	0.0823397606586543	-1.6696864033183267E-4
HOUSE2976_11147_40.0097237565147	40.0097237565147	0.09933966629265427	-0.004505807232788386
HOUSE889_10953_43.7020220141858	43.7020220141858	0.11363099651265428	3.4989260890963547E-4
HOUSE889_883_41.5956405834373	41.5956405834373	0.10346768092265428	-0.00443058680988738
HOUSE6019_10985_44.8813566297758	44.8813566297758	0.11913563720177427	0.0028407557674833966
HOUSE2314_13398_41.4641142622505	41.4641142622505	0.11108508894477427	0.0035229353788382295
HOUSE311_290_41.8244271876756	41.8244271876756	0.11159453798677428	0.003111608430498722
HOUSE3075_3052_40.7653693841323	40.7653693841323	0.10424931589677429	-0.0015272022901787058
HOUSE980_8454_43.2888895325205	43.2888895325205	0.11869057529177428	0.006465227213325056
HOUSE980_10784_43.1767223030329	43.1767223030329	0.11704964795577429	0.005110942083383113
HOUSE1087_10131_44.3273056763866	44.3273056763866	0.11735722920977427	0.0024782193118808304
HOUSE2092_2100_44.6240097901318	44.6240097901318	0.1155231013407743	-1.141328807378883E-4
HOUSE1435_12828_43.3009183353511	43.3009183353511	0.10919043520977427	-0.0030656523511008865
HOUSE4403_4368_41.8590104020454	41.8590104020454	0.10190714772977429	-0.006664158876597118
HOUSE1435_8805_43.2487444386306	43.2487444386306	0.10735261787477428	-0.0047701398274342666
HOUSE2304_2317_42.1716863485859	42.1716863485859	0.10494673770077427	-0.004423609084329275
HOUSE3390_6758_43.6428836304453	43.6428836304453	0.1131313714057743	1.3950359406128543E-6
HOUSE5100_8040_42.6851032685954	42.6851032685954	0.11005339697577428	-6.289814896278806E-4
HOUSE2818_2811_43.2406772478192	43.2406772478192	0.1109374753312543	-0.0011646667474656813
HOUSE1065_12586_42.6989104936365	42.6989104936365	0.10432899394125429	-0.006388668746316856
HOUSE1688_6498_41.5412524119891	41.5412524119891	0.10296650801125427	-0.004792771306234303
HOUSE1910_6435_43.9358458132483	43.9358458132483	0.12676762430365426	0.01288898607639706
HOUSE1910_1905_41.8234638770271	41.8234638770271	0.11975483629865429	0.011274368472874052
HOUSE5827_11686_41.8553280644119	41.8553280644119	0.1012110559966543	-0.007350840433611852
HOUSE4716_4689_40.168193251119	40.168193251119	0.10502541517665427	7.749744809089631E-4
HOUSE5974_10705_40.0047891537468	40.0047891537468	0.09853506561135429	-0.0052977975872587485
HOUSE3838_3797_43.3534867770504	43.3534867770504	0.11640824668135429	0.0040178210061603825
HOUSE239_220_40.2823902311182	40.2823902311182	0.10520129299135429	6.590230829086885E-4
HOUSE5569_11676_42.1772081922952	42.1772081922952	0.11355183363455428	0.0041673758344103334
HOUSE2106_2121_40.0095609714681	40.0095609714681	0.10757824367455428	0.0037331861446308484
HOUSE2694_10258_40.022958209157	40.022958209157	0.10790487057755428	0.004025576543941034
HOUSE4545_10412_44.2086479372673	44.2086479372673	0.11801457010155429	0.0034387888406022526
HOUSE2455_2475_41.056684929796	41.056684929796	0.11077261682855429	0.004251644748521216
HOUSE645_11549_40.4907675309459	40.4907675309459	0.1078022677195543	0.002727491755749309
HOUSE645_13514_44.8446390460055	44.8446390460055	0.11765047694455429	0.0014494269195005072
HOUSE2144_2153_41.6344774430343	41.6344774430343	0.10760476397555428	-3.9275095389243453E-4
HOUSE2371_10802_43.2258759567048	43.2258759567048	0.11559012151655428	0.003525803985671677
HOUSE6019_13621_42.3413844208699	42.3413844208699	0.11054713939555429	7.431309248987911E-4
HOUSE6019_13152_44.1148092388175	44.1148092388175	0.11284792427345629	-0.0014880531547707826
HOUSE760_11145_41.9217460043728	41.9217460043728	0.10820031617845628	-5.313106170795889E-4
HOUSE5023_4997_42.2782714210916	42.2782714210916	0.11426606745355429	0.004623343607383465
HOUSE1901_13523_41.5944119554479	41.5944119554479	0.1031512655787543	-0.004743862407544944
HOUSE6019_14453_44.6928541586168	44.6928541586168	0.1074275821787543	-0.00838558312126772
HOUSE76_61_42.8022375790821	42.8022375790821	0.1008227194277543	-0.010158994568322713
HOUSE1203_9043_43.347724811174	43.347724811174	0.1187856188817543	0.006409917851339347
HOUSE2751_14472_41.6576664308838	41.6576664308838	0.1188192240888543	0.010762449938476484
HOUSE1406_11547_44.9103274369132	44.9103274369132	0.12654734644275428	0.010178430407563652
HOUSE2279_15535_41.9687998885737	41.9687998885737	0.11909906730035431	0.010247194785702796
HOUSE304_10556_44.0549875432484	44.0549875432484	0.12668700524835427	0.012503901550417168
HOUSE5592_11984_43.6760438965677	43.6760438965677	0.1254442494546543	0.012229532364396126
HOUSE981_10752_44.9784327578514	44.9784327578514	0.12731183737776328	0.010768878892498793
HOUSE4654_11641_44.0480676269032	44.0480676269032	0.1238063871367633	0.0096409672141676
HOUSE3007_13878_44.357188553736	44.357188553736	0.1248092784767633	0.009853903191885408
HOUSE5775_5762_44.2702373685794	44.2702373685794	0.1268775806913543	0.012144408269527465
HOUSE1355_9329_42.1889140114057	42.1889140114057	0.1208709625717543	0.011456590670772884
HOUSE2895_17037_44.9997222217436	44.9997222217436	0.12128844857975431	0.00469108508757532
HOUSE2143_2151_42.8572136617731	42.8572136617731	0.1250190322847543	0.013896827472465068
HOUSE4422_8020_42.4532751099929	42.4532751099929	0.11272452907475429	0.002634585094109951
HOUSE3416_9142_40.202302975321	40.202302975321	0.0988996633657543	-0.0054379443808128675
HOUSE186_166_42.6757247269095	42.6757247269095	0.1171095570977543	0.006451145399568675
HOUSE958_11275_42.1856563934125	42.1856563934125	0.10369118109875429	-0.0057148659928123735
HOUSE308_13183_43.9254781522322	43.9254781522322	0.1018968787357543	-0.011955265039969312
HOUSE5253_13159_41.4153060015491	41.4153060015491	0.1120628435777543	0.004625419022111346
HOUSE3673_8567_43.0319937279272	43.0319937279272	0.1150873828647543	0.003518529383631508
HOUSE1928_12541_40.3554720230169	40.3554720230169	0.1097092285265543	0.004980198847467893
HOUSE3385_3333_40.2358267855148	40.2358267855148	0.10608003634655429	0.0016567588464118377
HOUSE6019_12690_42.5822854985017	42.5822854985017	0.1060546199537543	-0.004365008753307004
HOUSE2034_12113_41.534939592466	41.534939592466	0.0978415940637543	-0.009901552908103461
HOUSE1427_6452_31.5556006628488	31.5556006628488	0.08449291330775428	0.002251864754960753
HOUSE669_13571_43.6739784200718	43.6739784200718	0.1186675456877543	0.005458106901525303
HOUSE487_7043_44.5847288932502	44.5847288932502	0.12139390020875428	0.005857047916879798
HOUSE72_13889_44.7586581782459	44.7586581782459	0.1201624459947543	0.004181119196582234
HOUSE879_7368_41.4507366903589	41.4507366903589	0.09700056378705428	-0.010527403530935509
HOUSE879_13151_42.8484257336481	42.8484257336481	0.0982372035530543	-0.012862543798923778
HOUSE2975_7258_31.828556865307	31.828556865307	0.08528140212305428	0.002342816790692717
HOUSE1343_6464_40.1260207651004	40.1260207651004	0.10505168511505429	9.090157753685602E-4
HOUSE106_95_41.5681494016145	41.5681494016145	0.10632474732605428	-0.0015032669729236892
HOUSE275_14787_44.4108478222977	44.4108478222977	0.11831645969505429	0.003223958698983842
HOUSE4688_9186_40.4789647484151	40.4789647484151	0.11177190856435427	0.0067272944904141485
HOUSE5392_9978_41.2374954862775	41.2374954862775	0.1071064231583543	1.2339155322461937E-4
HOUSE1360_12198_42.5585690245498	42.5585690245498	0.11133936954835429	9.80348047555854E-4
HOUSE1642_13707_42.6712967313035	42.6712967313035	0.11046719254405428	-1.7990345671492491E-4
HOUSE306_281_42.7232851929282	42.7232851929282	0.11177679266405428	9.96840682106398E-4
HOUSE9_9_41.6722845403073	41.6722845403073	0.10660214673405428	-0.0014919838452260858
HOUSE3746_3698_43.5011333192233	43.5011333192233	0.11387137291685427	0.0011036380154396813
HOUSE344_328_44.0994841593783	44.0994841593783	0.11025946459785428	-0.004037349746836408
HOUSE6019_6185_42.9688332462683	42.9688332462683	0.10746829604785428	-0.0039391514693243035
HOUSE5915_5897_41.6539631921345	41.6539631921345	0.09857276803346328	-0.009474542528221927
HOUSE3730_3672_30.8280540320557	30.8280540320557	0.07486250773026329	-0.00551930285959476
HOUSE3730_3673_40.7768165979778	40.7768165979778	0.09896465024846328	-0.006841121176221279
HOUSE4552_13181_42.2776380863788	42.2776380863788	0.10009859018846327	-0.009542515177336064
HOUSE1147_13022_44.9911830680057	44.9911830680057	0.10780342035646327	-0.00877212141580265
HOUSE6019_15647_44.6708102739961	44.6708102739961	0.10403431281046328	-0.01172251956819989
HOUSE1015_10744_42.2213918820662	42.2213918820662	0.1003052636349633	-0.00919210513182929
HOUSE549_9553_41.3550587278722	41.3550587278722	0.10487258067486328	-0.0024108825899942926
HOUSE2564_12397_44.7652597185605	44.7652597185605	0.11104651057046329	-0.004951686396365007
HOUSE388_13665_40.2075295930263	40.2075295930263	0.10148524366646329	-0.0028657206481149944
HOUSE2435_14209_44.3511744141578	44.3511744141578	0.11273290246146327	-0.0022071037513236857
HOUSE2117_14620_41.9680732495369	41.9680732495369	0.1061022724324633	-0.002747743163572444
HOUSE2117_14468_43.9388775484837	43.9388775484837	0.10937874782046329	-0.004507637975134773
HOUSE457_15229_42.0451194835604	42.0451194835604	0.10660679348146328	-0.002440112976456521
HOUSE1693_11894_43.7710524381228	43.7710524381228	0.11394914707405428	4.916366289979129E-4
HOUSE1693_12261_42.5640187364921	42.5640187364921	0.11029609553605428	-7.685264779283552E-5
HOUSE1854_10565_43.3605604784166	43.3605604784166	0.11660652826405428	0.004198025817472986
HOUSE736_11508_40.0999125628732	40.0999125628732	0.1075308978090543	0.0034549477127411715
HOUSE1314_15872_44.5786066899547	44.5786066899547	0.11853769624945427	0.003016489185393434
HOUSE1314_16379_44.9954041858101	44.9954041858101	0.11898419905905429	0.0023978702634749327
HOUSE1685_12082_41.9352505949735	41.9352505949735	0.1064101501026543	-0.0023559875358379334
HOUSE4419_8782_44.405493948143	44.405493948143	0.11630808298365429	0.0012292637581479415
HOUSE1532_10303_43.6704624595586	43.6704624595586	0.11692318860565427	0.0037227348205037675
HOUSE2064_12831_42.8825437854086	42.8825437854086	0.11172373119565428	5.367955118638773E-4
HOUSE4801_4764_42.6314742444083	42.6314742444083	0.11223014420705428	0.0016848141636551794
HOUSE2569_13890_44.3927336021086	44.3927336021086	0.11876717362905427	0.0037209633371381723
HOUSE2569_13275_43.007030201843	43.007030201843	0.11344920361805429	0.0019441441721452651
HOUSE62_50_40.0632053342213	40.0632053342213	0.0968310474370543	-0.007151097712420756
HOUSE967_11771_43.7064038682729	43.7064038682729	0.11671614525705427	0.003423843570072152
HOUSE6019_14259_44.6135485870764	44.6135485870764	0.1108845257650543	-0.00472597495920099
HOUSE3145_8281_43.5717622749273	43.5717622749273	0.10873466953405429	-0.004213556940229277
HOUSE577_14855_42.7390907182704	42.7390907182704	0.10791951404805429	-0.002900828792014004
HOUSE5805_13742_43.5449188773055	43.5449188773055	0.1002379652174633	-0.012641663229147157
HOUSE1858_1847_30.8578240834182	30.8578240834182	0.0838132607284633	0.0033553730772746815
HOUSE5964_9066_41.6410457993441	41.6410457993441	0.11110489962846327	0.0030905993317447006
HOUSE4977_11282_40.423739470887	40.423739470887	0.09955635823546329	-0.005347128207410817
HOUSE1350_1328_40.3354537884351	40.3354537884351	0.09759792588546327	-0.007079947400190523
HOUSE2214_2238_31.3700474750004	31.3700474750004	0.08742285363146331	0.00565598434964705
HOUSE220_201_43.6759062479165	43.6759062479165	0.10571784306346328	-0.007496522267076644
HOUSE6019_10869_41.7925104591995	41.7925104591995	0.10245592673786329	-0.005945439945705691
HOUSE1330_10653_44.7073606040794	44.7073606040794	0.11403186922486329	-0.0018183671479529567
HOUSE1678_10487_40.367363382234	40.367363382234	0.09614924133486329	-0.008610176590902546
HOUSE4158_4120_40.0758365435941	40.0758365435941	0.12715646936305428	0.02314204528740496
HOUSE3171_3129_30.4535122032615	30.4535122032615	0.08136722250685428	0.001942549724152809
HOUSE1456_15110_43.0692323581415	43.0692323581415	0.11623067116685427	0.0045666547476437
HOUSE3827_3783_43.5895129048731	43.5895129048731	0.11780068496685427	0.004807096939558955
HOUSE4444_7784_41.4840496051307	41.4840496051307	0.10766821346905427	5.5115338580005724E-5
HOUSE1250_13260_41.6659160801637	41.6659160801637	0.10082242375985427	-0.007255432284759472
HOUSE2356_14714_40.5175593676027	40.5175593676027	0.10118686989785429	-0.003956372330105873
HOUSE3975_15057_44.4039578299422	44.4039578299422	0.11202930842985427	-0.003045585261323966
HOUSE5646_5629_44.144317886521	44.144317886521	0.11873541506505426	0.004324028589869702
HOUSE1055_7944_44.2589320882689	44.2589320882689	0.10857322641705429	-0.006131055476735869
HOUSE891_12819_41.4633121131919	41.4633121131919	0.10488374267446328	-0.0026763610077696898
HOUSE2450_12328_42.459223956803	42.459223956803	0.10742859187405428	-0.002676554323680899
HOUSE1801_1807_43.3272597916237	43.3272597916237	0.10403108479525429	-0.008292318087317355
HOUSE1801_12968_44.9762008630205	44.9762008630205	0.10855317803525429	-0.007984076865630504
HOUSE3495_3443_43.1030063494109	43.1030063494109	0.10613288922525428	-0.005617436282707708
HOUSE2073_13675_43.9971329836914	43.9971329836914	0.11409490974605428	5.965278247704875E-5
HOUSE172_14269_43.5772410360485	43.5772410360485	0.11299249607005428	3.0268677842906766E-5
HOUSE172_13716_41.8359760101885	41.8359760101885	0.10794749360005428	-5.649488538616437E-4
HOUSE2164_2182_40.3375576760322	40.3375576760322	0.10606587164605429	0.0013826218971956517
HOUSE1244_14789_44.8961854134528	44.8961854134528	0.11719562469505428	8.628484559639188E-4
HOUSE2202_12333_42.7130465093069	42.7130465093069	0.11368754671505428	0.0029337595842286734
HOUSE491_465_40.7801916555036	40.7801916555036	0.0968347586350543	-0.008979637714567681
HOUSE1944_11233_40.1037995273225	40.1037995273225	0.10635353261105428	0.0022676494169040495
HOUSE1944_10220_40.5309781484908	40.5309781484908	0.10609695891105429	9.194251259793951E-4
HOUSE1301_1278_44.3305951170623	44.3305951170623	0.10702296727905429	-0.007864448750793077
HOUSE5179_13883_43.0371752002221	43.0371752002221	0.10316928454905429	-0.00841281013144575
HOUSE2234_12710_44.8970268157524	44.8970268157524	0.12657767120085428	0.010242744766805548
HOUSE2279_10762_40.756876244658	40.756876244658	0.11708397443385431	0.011329160377835032
HOUSE194_175_40.545277122165	40.545277122165	0.1122104375638543	0.00699636289801539
HOUSE194_174_40.3932968843933	40.3932968843933	0.11974149895885429	0.014915808233949945
HOUSE4066_4019_40.1247560482793	40.1247560482793	0.1110387739898543	0.0068993366210507445
HOUSE547_12849_43.5337757249363	43.5337757249363	0.12179425136985429	0.008943099134987156
HOUSE547_13244_42.727293320069	42.727293320069	0.1192880654148543	0.00849787070505223
HOUSE827_12487_40.7801282161381	40.7801282161381	0.1108335607848543	0.0050193265538810705
HOUSE2909_7941_31.1219948048238	31.1219948048238	0.0877427318448543	0.006609758620940348
HOUSE569_538_43.2594131864607	43.2594131864607	0.11780657907785429	0.005656557499842937
HOUSE5629_8943_41.6849531693181	41.6849531693181	0.10042387006585428	-0.007702635065101965
HOUSE301_11115_40.390072650582	40.390072650582	0.10185767534485428	-0.002959775883570201
HOUSE1592_9869_44.6139163305167	44.6139163305167	0.11272923056485427	-0.0028822099239960153
HOUSE5863_5841_30.0560099850409	30.0560099850409	0.07485188916585428	-0.0035569707696883057
HOUSE85_10287_44.3905767400439	44.3905767400439	0.11247716188585428	-0.002563536567147598
HOUSE1387_1369_40.7454329975412	40.7454329975412	0.10376070113585427	-0.001964869819367998
HOUSE3567_11781_40.4042275609623	40.4042275609623	0.10173292149285428	-0.0031207024640622777
HOUSE520_10618_44.5268229426639	44.5268229426639	0.11035560343285429	-0.0050332707954113265
HOUSE2939_15483_43.8845594849787	43.8845594849787	0.11532658108285428	0.0015790045421785331
HOUSE183_164_30.4863792511013	30.4863792511013	0.07347330285885428	-0.006035361327953848
HOUSE1037_12985_41.2745768498813	41.2745768498813	0.09885982991885427	-0.008217962731150899
HOUSE5539_16339_44.7210674175132	44.7210674175132	0.10713190857785428	-0.008753355416296987
HOUSE5539_14580_43.6359208028494	43.6359208028494	0.10649504448385429	-0.006617138451376375
HOUSE4128_14847_43.9837838148342	43.9837838148342	0.10819282422485428	-0.005808319074440169
HOUSE1004_12667_41.6044677165337	41.6044677165337	0.10488735003485429	-0.003033475345901357
HOUSE266_9084_40.0904491720719	40.0904491720719	0.10104149781485429	-0.0030102686831969816
HOUSE5338_5316_41.6989329572275	41.6989329572275	0.11224838506665429	0.004086154730886624
HOUSE4608_12990_40.8595193461309	40.8595193461309	0.09735606529765427	-0.00866105215283447
HOUSE4608_12400_42.6974443695508	42.6974443695508	0.10150060855065428	-0.009213307471832966
HOUSE192_10763_40.1663383406888	40.1663383406888	0.09731993179085428	-0.006925768700285995
HOUSE1946_12779_40.1431498391137	40.1431498391137	0.10364794760885428	-5.384949040241338E-4
HOUSE5959_7408_41.1223708800828	41.1223708800828	0.1031353143088543	-0.0035535175443339034
HOUSE3245_3205_40.9658415449947	40.9658415449947	0.11351373928885429	0.007224916548197596
HOUSE5854_5835_40.3453466222878	40.3453466222878	0.11060497053485428	0.005901816213619446
HOUSE4285_10091_31.7510571650211	31.7510571650211	0.08876018599385428	0.006019650351765632
HOUSE2422_14095_42.4579650100122	42.4579650100122	0.1178980295148543	0.007796100542747958
HOUSE2574_11843_40.0727209469513	40.0727209469513	0.10734547786885427	0.0033390156685134537
HOUSE4826_4796_41.7530403425917	41.7530403425917	0.11264905390885428	0.004348552703995173
HOUSE3541_8395_44.4896927341356	44.4896927341356	0.1200005028548543	0.004706514494168423
HOUSE1682_1683_43.172914750174	43.172914750174	0.11372228548765427	0.001793309777594329
HOUSE6019_13319_43.6427323738075	43.6427323738075	0.1168958318516543	0.003766242016609231
HOUSE554_7046_43.1832747451209	43.1832747451209	0.11694647232165427	0.004991021750622049
HOUSE4946_4921_42.7528520955222	42.7528520955222	0.12022618888125429	0.009370678982572947
HOUSE4372_4334_42.4527772639522	42.4527772639522	0.1121177414688543	0.0020290697286676623
HOUSE281_256_40.0209639420728	40.0209639420728	0.10046046236885427	-0.003413735335652035
HOUSE5658_8531_32.9324544982519	32.9324544982519	0.09051930796185427	0.004759723535416177
HOUSE2675_11243_41.2370856523198	41.2370856523198	0.10946003759285429	0.002478053314205711
HOUSE533_9957_41.8034368858994	41.8034368858994	0.10727192994265429	-0.0011573591124299648
HOUSE222_15811_44.8515732024847	44.8515732024847	0.11456065962385427	-0.0016581105670574886
HOUSE846_9738_43.3049357580201	43.3049357580201	0.10806032038685427	-0.004206033656502184
HOUSE4201_4155_43.0819595215971	43.0819595215971	0.11367974505685428	0.0019832045017936922
HOUSE498_10612_40.2047894732731	40.2047894732731	0.10093340507385427	-0.003410556892760999
HOUSE5301_5283_42.4942120493405	42.4942120493405	0.11139705032585427	0.0012024924160127515
HOUSE4156_4116_40.8498540950266	40.8498540950266	0.09973609385085429	-0.006256324149435874
HOUSE335_318_40.9102629296911	40.9102629296911	0.10345308502526328	-0.002693707133261239
HOUSE2510_11753_42.9503752056907	42.9503752056907	0.10538986050267228	-0.005970417680870782
HOUSE1281_6581_44.0069972258842	44.0069972258842	0.11557522646267228	0.001514761529208014
HOUSE3525_13740_42.6561247672578	42.6561247672578	0.10509716162326328	-0.005511162578789308
HOUSE4268_4226_44.8224828854218	44.8224828854218	0.10903372942726329	-0.007110700756358182
HOUSE2032_10066_40.1403636473513	40.1403636473513	0.09965721407185428	-0.00452210835651351
HOUSE3633_3576_40.4491467262965	40.4491467262965	0.10298161190385428	-0.0019868025199794026
HOUSE4766_8783_44.3244060539061	44.3244060539061	0.11357814363485429	-0.0012934563074902539
HOUSE4766_10113_44.9742870184965	44.9742870184965	0.11645614450885429	-7.621958195237755E-5
HOUSE4879_13577_40.925299089484	40.925299089484	0.10674892787785427	5.637109669901635E-4
HOUSE4879_11891_44.5720154850466	44.5720154850466	0.1149294802558543	-5.748830515757558E-4
HOUSE5812_8857_41.1290910164826	41.1290910164826	0.11029530355585428	0.0035892984629288666
HOUSE5812_5795_41.3841876212973	41.3841876212973	0.11016370010085429	0.002805798247207947
HOUSE1749_8170_40.5124619428534	40.5124619428534	0.10458923954685427	-5.409762643705518E-4
HOUSE880_867_40.103177161585	40.103177161585	0.10307184709925428	-0.001012445645628482
HOUSE4937_4910_40.9671695550475	40.9671695550475	0.1068624602402543	5.70243783510116E-4
HOUSE3960_14849_42.8498483660696	42.8498483660696	0.11220447896025428	0.0011010960856946694
HOUSE2507_13223_43.8088978605811	43.8088978605811	0.11488520536825429	0.0013309813337458176
HOUSE6019_13466_40.8910400862806	40.8910400862806	0.10532877083525428	-7.688975438288892E-4
HOUSE3352_10051_44.4555375936008	44.4555375936008	0.11280547510525428	-0.002401230143636454
HOUSE5599_8110_41.0326037801525	41.0326037801525	0.10414085099725427	-0.0023185819515212924
HOUSE1357_7832_41.1041034731929	41.1041034731929	0.10748409957615428	8.419498941652781E-4
HOUSE1357_8042_42.8389271366385	42.8389271366385	0.11266399664715428	0.0015885228625427544
HOUSE2149_2160_40.9767145788922	40.9767145788922	0.1088170781731543	0.002500469505741995
HOUSE344_329_44.2768728616489	44.2768728616489	0.11761944771515427	0.0028693183587538418
HOUSE1525_13640_44.2927378897621	44.2927378897621	0.11744639525015428	0.0026557229769116064
HOUSE6019_12049_40.081739703767	40.081739703767	0.10356450027575427	-4.650092652524612E-4
HOUSE764_745_44.0451070560451	44.0451070560451	0.11228945110875428	-0.0018684031053378403
HOUSE6019_6001_11.9510409924412	11.9510409924412	0.032636888122754275	4.950910036756739E-4
HOUSE484_11807_40.0344004453005	40.0344004453005	0.10447902032285429	5.704857719759371E-4
HOUSE127_12714_41.7901219835738	41.7901219835738	0.10895147648285429	5.56213524282298E-4
HOUSE5537_5531_41.7246159404159	41.7246159404159	0.10361431362685429	-0.004613549309387746
HOUSE1686_11556_40.8217772372302	40.8217772372302	0.1066602171303543	7.395492525794495E-4
HOUSE2513_12096_40.7331947027624	40.7331947027624	0.10771654074035429	0.0020222446220858337
HOUSE3996_3953_41.3959791430396	41.3959791430396	0.10893887829595429	0.001550843329272772
HOUSE4386_13447_44.7784797148779	44.7784797148779	0.11458839830595428	-0.0014435822260544101
HOUSE2729_15456_42.8404780056207	42.8404780056207	0.10334635738595428	-0.007733079628456138
HOUSE3415_8465_42.2647818326471	42.2647818326471	0.11869146669595428	0.009083215354883295
HOUSE4242_4195_44.7724807564647	44.7724807564647	0.10630023569365428	-0.00971641456157514
HOUSE465_13623_42.0561683839527	42.0561683839527	0.0986759920326543	-0.010399149777047242
HOUSE649_12055_42.0539140945108	42.0539140945108	0.10598208941365429	-0.0030872915824685238
HOUSE2471_16402_44.9930466384193	44.9930466384193	0.10781404192075429	-0.008766262186615567
HOUSE336_11716_42.3024692991748	42.3024692991748	0.10156222573475428	-0.008142335541006088
HOUSE4830_9725_40.4229875875171	40.4229875875171	0.1011243671347543	-0.0037771978778693566
HOUSE6019_9525_40.1165286334083	40.1165286334083	0.10427027035675428	1.5185806238245114E-4
HOUSE5_13139_43.1267752956675	43.1267752956675	0.1183041386457543	0.006493071839092215
HOUSE978_10830_43.3496980675128	43.3496980675128	0.11964756308075429	0.007266819413977041
HOUSE2289_7705_40.5325134379924	40.5325134379924	0.10217812873915429	-0.0030033284625163997
HOUSE3732_3676_40.695924318643	40.695924318643	0.09499935373915429	-0.010599698294247145
HOUSE3732_3677_40.7807612980213	40.7807612980213	0.09754728874915429	-0.008268563316086969
HOUSE2515_6675_41.3151414256791	41.3151414256791	0.10134516045326329	-0.005836294554701568
HOUSE2198_7389_30.1475068306985	30.1475068306985	0.07248594388126328	-0.006156735306180744
HOUSE705_14100_42.2871442534961	42.2871442534961	0.1083408298672633	-0.0013245684112352801
HOUSE5298_11627_43.5396391083486	43.5396391083486	0.11797526446126329	0.0051091284101429935
HOUSE3373_3321_43.7938293546341	43.7938293546341	0.10441760617126329	-0.009098110450640115
HOUSE2038_12788_41.4736586434404	41.4736586434404	0.09165570342326328	-0.015930840711043143
HOUSE2038_15246_43.6160898825292	43.6160898825292	0.0955164679462633	-0.01754503727521166
HOUSE1915_12357_40.7260486032027	40.7260486032027	0.10046004752026329	-0.005215986813775844
HOUSE6019_14393_44.2746772807733	44.2746772807733	0.11201225542026329	-0.0027322631516982637
HOUSE5200_12238_42.8669168840061	42.8669168840061	0.09942657261026329	-0.011720428687055001
HOUSE452_12764_43.6870240804274	43.6870240804274	0.11855702646926329	0.005314249631618612
HOUSE2353_12216_40.4184273420833	40.4184273420833	0.1070522834092633	0.0021623720571364025
HOUSE1962_14873_43.1043654493874	43.1043654493874	0.11651564087975429	0.0047618422057232185
HOUSE3997_11394_40.4723994472847	40.4723994472847	0.1133106993977543	0.00828286288360637
HOUSE1102_13534_44.7712080151829	44.7712080151829	0.1270701894017543	0.011056791623834189
HOUSE4115_10677_42.6102792403713	42.6102792403713	0.11615689238675429	0.005665725959077272
HOUSE169_6998_40.0982047154948	40.0982047154948	0.09301568733675429	-0.011055898373076342
HOUSE5746_8923_40.5608030905004	40.5608030905004	0.10061961422675429	-0.004634136892137611
HOUSE5019_4992_30.3335311710962	30.3335311710962	0.08007547945075429	9.574169668191274E-4
HOUSE55_13750_43.8086469017435	43.8086469017435	0.1053055334977543	-0.008248049214015202
HOUSE3607_6598_41.3496500184262	41.3496500184262	0.1101035271467543	0.002833885783486062
HOUSE2604_2617_31.9220735767998	31.9220735767998	0.0909418880647543	0.0077643217340383625
HOUSE3233_15367_44.8062560211683	44.8062560211683	0.1279752455647543	0.0118722829665254
HOUSE5835_8412_44.2182358796708	44.2182358796708	0.1321888607047543	0.01758857755519673
HOUSE1750_1744_43.6400832328945	43.6400832328945	0.12564156955475428	0.012518749572177981
HOUSE2105_2119_41.4234443265013	41.4234443265013	0.11244146516335428	0.004983243201654566
HOUSE2213_2236_40.1208096376612	40.1208096376612	0.11223341511335429	0.008104062756463304
HOUSE3111_3082_43.1749458355831	43.1749458355831	0.11976380589375428	0.00782963976573521
HOUSE1337_7480_40.1601242389825	40.1601242389825	0.1046379739777543	4.081535598751962E-4
HOUSE216_14707_40.3398544773437	40.3398544773437	0.10530525392775429	6.161347266696038E-4
HOUSE3572_10924_42.2279149583417	42.2279149583417	0.11615274828035431	0.00663870985895372
HOUSE1002_10965_41.5110338886734	41.5110338886734	0.10750051369035431	-1.8154250032087482E-4
HOUSE4997_4970_40.526494860502	40.526494860502	0.11459819463435429	0.009432117845813714
HOUSE4997_9440_42.863284204257	42.863284204257	0.1277352499173543	0.016597531895926318
HOUSE3278_3238_41.6282739852671	41.6282739852671	0.1144123361103543	0.006430674053691382
HOUSE2706_13020_40.9078349522315	40.9078349522315	0.11212607844035428	0.005985490953358694
HOUSE2906_2902_40.9277938359083	40.9277938359083	0.11301874127635429	0.00682714906655589
HOUSE5050_5025_43.3753716142382	43.3753716142382	0.11977578565735429	0.0073294335048872256
HOUSE1585_12147_44.2869091453031	44.2869091453031	0.1197013795803543	0.00492560260387441
HOUSE922_12768_41.0566353815951	41.0566353815951	0.11150543502613526	0.004984589566022088
HOUSE5456_10566_41.9615284078261	41.9615284078261	0.10665060961613528	-0.0021826807039455054
HOUSE2598_8757_40.579440277813	40.579440277813	0.10525298933913527	-4.8388921038491906E-5
HOUSE5921_14036_42.8880305657762	42.8880305657762	0.11131907777313527	1.1812067831502848E-4
HOUSE1395_11847_40.4847155823411	40.4847155823411	0.10765301465613526	0.002593704385001422
HOUSE1439_11382_41.7827533429954	41.7827533429954	0.11390099151313528	0.00552455904008646
HOUSE2989_13288_42.8855659207329	42.8855659207329	0.11939530967913527	0.0082006509594785
HOUSE1023_9679_44.6653109897063	44.6653109897063	0.12035490165613526	0.004612122642147054
HOUSE3807_3759_40.8828090837849	40.8828090837849	0.10377948464913526	-0.0022971494873780113
HOUSE5664_6966_41.9635093670794	41.9635093670794	0.10626193765013527	-0.0025764149910269124
HOUSE2078_12310_42.7250700711738	42.7250700711738	0.11044179055213528	-3.427226678872214E-4
HOUSE221_13194_43.1036188814323	43.1036188814323	0.10758938263413527	-0.004162508193133421
HOUSE221_203_43.9315914113105	43.9315914113105	0.10874292430413528	-0.005124841842546524
HOUSE2610_13105_44.0604291949421	44.0604291949421	0.11716437260363527	0.0029673628205322267
HOUSE915_9675_43.5451178217772	43.5451178217772	0.11166559709463526	-0.0012145397525348822
HOUSE2837_2833_43.7889533725989	43.7889533725989	0.11181512226463526	-0.0016881338351205089
HOUSE5891_7331_42.7691356965806	42.7691356965806	0.09941057678013528	-0.01148654569426244
HOUSE1874_8262_40.6595962464219	40.6595962464219	0.10839145453383528	0.002885238516896607
HOUSE5267_7566_41.0759041120764	41.0759041120764	0.10235500160083527	-0.004215084902658664
HOUSE5267_5242_40.4102188767865	40.4102188767865	0.09957451330083528	-0.005294421402302671
HOUSE4184_8912_40.5391650343804	40.5391650343804	0.10799419406313528	0.0027957387750254803
HOUSE385_371_40.7191074466461	40.7191074466461	0.10318924179643527	-0.0024690544831198064
HOUSE3955_12966_43.3927650090519	43.3927650090519	0.11141384494043527	-0.0010769558543225477
HOUSE3061_3040_41.8009196030252	41.8009196030252	0.10540550970453527	-0.0030173464599477923
HOUSE1573_12017_43.8292031560559	43.8292031560559	0.10621335168943527	-0.007392762319677601
HOUSE2350_2363_42.1031618583279	42.1031618583279	0.11014787233743528	9.526391853089122E-4
HOUSE6019_11750_42.103278857916	42.103278857916	0.10373292361443529	-0.005462608528940094
HOUSE1225_10622_40.4312620927476	40.4312620927476	0.10114990701133528	-0.003772803414651485
HOUSE495_10710_43.7679772969668	43.7679772969668	0.11725415580133527	0.003804503848005278
HOUSE2296_8443_44.1621573615894	44.1621573615894	0.11646161211033527	0.0020046370393381613
HOUSE105_14821_44.1366458312891	44.1366458312891	0.11601457041433527	0.0016227897977131173
HOUSE105_12613_44.6724068385602	44.6724068385602	0.11644810055733527	6.871881742817193E-4
HOUSE2471_2494_23.1190474150937	23.1190474150937	0.057859595270735274	-0.002821927870671169
HOUSE2471_11458_40.5284452488799	40.5284452488799	0.10180231935373528	-0.0033687416323277264
HOUSE5756_5742_44.2285365785938	44.2285365785938	0.10806930062233526	-0.006557305857812862
HOUSE4373_6280_40.4944118356798	40.4944118356798	0.09694829000233528	-0.008135798944889597
HOUSE2698_9493_40.480482627172	40.480482627172	0.10026845498033528	-0.004780038017220906
HOUSE958_8823_41.4856276359666	41.4856276359666	0.10498289795773527	-0.0026342328143768162
HOUSE4430_14877_40.6166662624925	40.6166662624925	0.09009725993504428	-0.015299248947682614
HOUSE3059_13216_43.2194646809439	43.2194646809439	0.09904777804393528	-0.013000155537409255
HOUSE436_12760_44.6952822960654	44.6952822960654	0.10255188867963527	-0.013267481700765929
HOUSE3604_11210_40.1992963266617	40.1992963266617	0.10055824449563527	-0.003771679791079327
HOUSE1858_12902_40.3367471275851	40.3367471275851	0.10133000711293527	-0.0033511712876690275
HOUSE373_10386_43.6852592710963	43.6852592710963	0.10823807451363526	-0.00500019237184024
HOUSE2421_2438_41.5069148462731	41.5069148462731	0.11088265828523527	0.0032111282652238643
HOUSE2421_2439_43.0526412794649	43.0526412794649	0.11196772628523527	3.461081976449676E-4
HOUSE999_12158_43.7988918635529	43.7988918635529	0.11165420158004427	-0.00187445223154728
HOUSE5705_7085_41.9698561984454	41.9698561984454	0.10931089472404427	4.563228203351144E-4
HOUSE756_734_40.1689873616322	40.1689873616322	0.10059475239674427	-0.003657717640283664
HOUSE2741_2745_43.7407354626339	43.7407354626339	0.11464857031474426	0.0012685345900215056
HOUSE167_15780_43.6438291312743	43.6438291312743	0.11318013451874427	4.7741931226572E-5
HOUSE54_15117_43.3783865214265	43.3783865214265	0.11246866300974427	1.4606292838351131E-5
HOUSE6019_12696_44.5813233035367	44.5813233035367	0.11531476255674426	-2.1338678549986945E-4
HOUSE849_14408_43.9423334154096	43.9423334154096	0.11462067103174427	7.254538036145508E-4
HOUSE6019_11546_40.155505336229	40.155505336229	0.10641629923874427	0.0021982823795416023
HOUSE3978_7640_40.7257714215666	40.7257714215666	0.10551542369374427	-1.599023054629084E-4
HOUSE1180_11898_42.8178815427236	42.8178815427236	0.10803722619763527	-0.0029844657872908353
HOUSE1829_1828_40.9996838821098	40.9996838821098	0.10270292189963527	-0.0036723845868814747
HOUSE1829_9883_41.5438569616526	41.5438569616526	0.10655778737963527	-0.00120814783784072
HOUSE1597_9007_42.0914426036285	42.0914426036285	0.11073345440993528	0.0015681696931561795
HOUSE3707_8240_41.2584959322037	41.2584959322037	0.10244347705993527	-0.0045932209696571275
HOUSE4659_4627_40.9892696188763	40.9892696188763	0.10796758125443529	0.0016188883109413688
HOUSE1504_14594_44.411416307364	44.411416307364	0.11443294966943528	-6.61004084399272E-4
HOUSE5969_5943_40.6202262502702	40.6202262502702	0.10370777593643528	-0.0016978304585935633
HOUSE5969_5942_42.1310372078996	42.1310372078996	0.10942080615943528	1.5433783699782266E-4
HOUSE1417_1403_43.9773371792398	43.9773371792398	0.11017846398443527	-0.003806205003628771
HOUSE169_14970_44.910658189748	44.910658189748	0.11884874267543528	0.0024789814047631448
HOUSE2179_15138_44.4710165260614	44.4710165260614	0.11603259729543529	7.863357931878756E-4
HOUSE2687_11604_41.1403753543814	41.1403753543814	0.10841640034843528	0.0016815582455917966
HOUSE2768_11727_44.861946136225	44.861946136225	0.11095362265943529	-0.005291655457402747
HOUSE1765_1764_31.1165905322414	31.1165905322414	0.08101211976743528	-1.0704289324880989E-4
HOUSE231_10915_42.2290687598581	42.2290687598581	0.11090399599173528	0.001387009042377596
HOUSE2999_12052_40.9156796158875	40.9156796158875	0.09669991198173528	-0.009460722462882543
HOUSE431_9405_24.7319233906799	24.7319233906799	0.058971191859735275	-0.005832019317044995
HOUSE3549_9071_41.6380992217455	41.6380992217455	0.10399070694713528	-0.004016063400711048
HOUSE3067_3042_30.6855987617746	30.6855987617746	0.07693361654213528	-0.0030841510636488434
HOUSE5832_6357_42.4050463817548	42.4050463817548	0.10082134774213528	-0.009145348217489954
HOUSE1894_11386_42.1733051131014	42.1733051131014	0.11034310704113526	9.686235198929083E-4
HOUSE4858_4826_41.3647071497299	41.3647071497299	0.10672268578013527	-5.854339279535853E-4
HOUSE2889_12992_43.2682693779228	43.2682693779228	0.11052300986213526	-0.0016496436224460037
HOUSE3354_13029_44.3193424597848	44.3193424597848	0.12132867970413527	0.006470019724702736
HOUSE1487_1467_40.8468502653031	40.8468502653031	0.09807042296413528	-0.00791431878006385
HOUSE3047_11392_41.8850849943076	41.8850849943076	0.10964460623113527	0.001006666271312573
HOUSE2979_8690_44.8174151548964	44.8174151548964	0.11660411282813526	4.72633177964088E-4
HOUSE3243_14316_44.6514157334507	44.6514157334507	0.11858070080113528	0.0028734309721830387
HOUSE4438_12001_40.3828377034085	40.3828377034085	0.10378735244113528	-0.0010116099538928641
HOUSE3874_10000_40.5621646682024	40.5621646682024	0.10517056385003527	-8.666676672783313E-5
HOUSE5870_12156_44.5240696874768	44.5240696874768	0.11736666966103527	0.0019848313481994617
HOUSE1043_1017_40.1902422950663	40.1902422950663	0.11097683645103527	0.006670049649324827
HOUSE4860_14665_43.4110441225576	43.4110441225576	0.12132775263103528	0.008790239748941484
HOUSE1305_1282_40.4291392652718	40.4291392652718	0.11238711910393528	0.007469833541819404
HOUSE595_14162_43.5567722993437	43.5567722993437	0.11613059846493527	0.0032206787197174847
HOUSE5578_16388_44.9605943118969	44.9605943118969	0.12071860018093528	0.00422122766159333
HOUSE3500_3444_41.644489960745	41.644489960745	0.11258565482093527	0.0045625530050342755
HOUSE3443_13780_40.7540234527551	40.7540234527551	0.10369728244003527	-0.002050241335496472
HOUSE5464_13591_42.186288946541	42.186288946541	0.11054899113003527	0.0011413275554277985
HOUSE1049_10299_43.1677646760363	43.1677646760363	0.10728745234103527	-0.004628362407316539
HOUSE4180_4141_44.1571016841263	44.1571016841263	0.11047768760603527	-0.003966367732988779
HOUSE4862_4832_42.7474861531766	42.7474861531766	0.11059264531703528	-2.491519709437312E-4
HOUSE4862_12626_40.9537377918605	40.9537377918605	0.10587679538003528	-3.810963434622977E-4
HOUSE5244_11077_40.438623039829	40.438623039829	0.09917122564103528	-0.005770295609821868
HOUSE1300_14546_44.4307886819646	44.4307886819646	0.11430950498103527	-8.339546776653106E-4
HOUSE2703_10492_40.6739020119107	40.6739020119107	0.10298149710703527	-0.002561277147080085
HOUSE116_6270_30.5914641581329	30.5914641581329	0.08283952509303528	0.003062317502663156
HOUSE5401_12454_42.5373968388885	42.5373968388885	0.10970721980903528	-5.97696388166466E-4
HOUSE5401_5382_43.8562360229461	43.8562360229461	0.11300967044103527	-6.655257825254335E-4
HOUSE158_8980_44.805877919939	44.805877919939	0.10810654225653528	-0.007995454107874916
HOUSE4457_12907_44.5066658477299	44.5066658477299	0.11137623675653527	-0.003961126222089981
HOUSE1646_9782_40.7637378456519	40.7637378456519	0.10305949375603528	-0.002712855051042448
HOUSE2472_14310_41.9123859854881	41.9123859854881	0.10628674027303528	-0.002420967090112802
HOUSE5396_13091_41.2252081130162	41.2252081130162	0.10438750090303528	-0.002564130445581264
HOUSE526_8436_40.3477956401184	40.3477956401184	0.10305976610103527	-0.0016496466601810533
HOUSE4827_4799_44.7766420326661	44.7766420326661	0.11435179138003528	-0.0016754929739040275
HOUSE3852_11855_41.4819138171151	41.4819138171151	0.10564631811503528	-0.001961322031041407
HOUSE3852_7067_44.3887226667721	44.3887226667721	0.11570100036703528	6.650399792887257E-4
HOUSE4015_3970_42.4330887481919	42.4330887481919	0.10692784501603528	-0.00311051292378986
HOUSE5164_5130_44.5081633547921	44.5081633547921	0.11323067318603527	-0.0021105166565489053
HOUSE1595_13161_40.0245163376034	40.0245163376034	0.10206650865403528	-0.001816767160863278
HOUSE1920_10563_42.3320481708398	42.3320481708398	0.11000235990683528	2.2221012750311964E-4
HOUSE281_11896_44.6767056676517	44.6767056676517	0.11582238161283528	5.048361607008778E-5
HOUSE2321_10753_44.436734457356	44.436734457356	0.11715885931283528	0.002000205286022877
HOUSE2590_10723_43.4989825019147	43.4989825019147	0.10804752108603527	-0.004714717423777423
HOUSE6019_7554_44.112618182553	44.112618182553	0.11139249537203527	-0.0029378828343502444
HOUSE976_13802_44.2251636390574	44.2251636390574	0.11532047063203527	7.024836643243354E-4
HOUSE375_8482_40.0906864848758	40.0906864848758	0.10249839236963527	-0.0015539805788556404
HOUSE318_12296_43.2487994724882	43.2487994724882	0.12038732406963527	0.008264425728967337
HOUSE3965_3922_42.5719492926765	42.5719492926765	0.11027070420003528	-1.2251043891060853E-4
HOUSE864_6523_44.9699924609267	44.9699924609267	0.1332228199000353	0.016701430507110288
