tip	date	distance	residual
HOUSE1802_12194_43.2893081667404	43.2893081667404	0.12056698136200189	0.01254265225019982
HOUSE311_11254_42.901031013303	42.901031013303	0.1218944315520019	0.014810273916703476
HOUSE2172_2194_42.4876924499707	42.4876924499707	0.1185623186320019	0.012479015988926645
HOUSE6019_6043_44.78937855519	44.78937855519	0.11850346438200189	0.00684687573733124
HOUSE5807_8702_41.7446393764112	41.7446393764112	0.1042932027630019	9.123430142976563E-6
HOUSE5807_5793_43.0971090111416	43.0971090111416	0.1103934465690399	0.00283450709528979
HOUSE6019_8456_40.4419399867766	40.4419399867766	0.0994031032410399	-0.00172662926056609
HOUSE6019_13322_44.002572105758	44.002572105758	0.11122880681400191	0.0014773855857920515
HOUSE4374_4339_44.9103881450814	44.9103881450814	0.11104509401800189	-9.045063678750076E-4
HOUSE1743_10787_41.7404777639842	41.7404777639842	0.1066482394510019	0.0023742370162181947
HOUSE1013_7318_43.2340012537315	43.2340012537315	0.1095751578250019	0.0016847484702705168
HOUSE5237_5206_44.3028372328263	44.3028372328263	0.1147553776490019	0.004276896625078672
HOUSE3322_12079_44.9955127237395	44.9955127237395	0.1115921360490019	-5.635843727700429E-4
HOUSE4119_4078_44.1792039736174	44.1792039736174	0.1166094162540019	0.006430299905095874
HOUSE1064_1036_44.0229271104929	44.0229271104929	0.11187246508200191	0.0020717563933107114
HOUSE391_377_44.4043383231947	44.4043383231947	0.1109760135910019	2.5175856478787395E-4
HOUSE76_61_40.0186701700377	40.0186701700377	0.10600582666800189	0.005900996623416199
HOUSE1228_1213_41.8377101619262	41.8377101619262	0.1094562021880019	0.004946761931734683
HOUSE3553_10809_41.2507047795334	41.2507047795334	0.10888855287300189	0.005800483182048705
HOUSE1218_12850_41.4432541344668	41.4432541344668	0.10440183386300189	8.475265638739349E-4
HOUSE1109_8806_40.6840157537521	40.6840157537521	0.1045152090670019	0.0027993160631664127
HOUSE4736_7833_41.0998544630379	41.0998544630379	0.10729519927280191	0.00457239744150785
HOUSE2232_6747_41.2663204794147	41.2663204794147	0.11478878941880191	0.011662907985684479
HOUSE223_11865_42.1153611061163	42.1153611061163	0.11816083362820191	0.012979091394234324
HOUSE1791_9488_43.4429034338507	43.4429034338507	0.11851328426720191	0.0101170406922782
HOUSE5244_5216_44.2008255621066	44.2008255621066	0.1208100519102019	0.010578581204120127
HOUSE2441_2456_40.8057912966068	40.8057912966068	0.1086810079882019	0.006670248570223414
HOUSE14_10826_44.8533328750636	44.8533328750636	0.1209694741838019	0.009158027013946232
HOUSE2625_2632_40.1830805177781	40.1830805177781	0.11467957828780191	0.014176646222484046
HOUSE648_611_42.9203455825336	42.9203455825336	0.1135999119793019	0.00646898618648814
HOUSE648_10313_41.297398072632	41.297398072632	0.1081843094093019	0.00498317691790659
HOUSE1769_6573_40.0354202941245	40.0354202941245	0.1052192136198119	0.0050738249465382135
HOUSE1342_12222_43.4995247458573	43.4995247458573	0.1196239934718119	0.011090647463640343
HOUSE5992_10085_41.5541245276227	41.5541245276227	0.11025217981181192	0.0064294117487396635
HOUSE764_745_40.7390125814619	40.7390125814619	0.1117460377355019	0.009896975812884595
HOUSE1194_10719_44.7483415603385	44.7483415603385	0.11876433511550191	0.007207113151819933
HOUSE1191_6324_24.3654358171166	24.3654358171166	0.0644632354878019	0.0022610333041579445
HOUSE1772_1777_40.9726432524621	40.9726432524621	0.11009045213680191	0.0076756786059526405
HOUSE478_7544_40.6400396092919	40.6400396092919	0.1099018949668019	0.008292485479449566
HOUSE3122_7171_16.7271472494832	16.7271472494832	0.050054490092801905	0.0063475843153903005
HOUSE3253_10419_40.5020209250506	40.5020209250506	0.1050410937618019	0.0037658817130561406
HOUSE2739_7521_40.7578668748741	40.7578668748741	0.12068488447770193	0.0187901689060897
HOUSE628_591_41.7825740133412	41.7825740133412	0.11432749432770192	0.009951560340770868
HOUSE253_233_42.8740701261451	42.8740701261451	0.11385773237980192	0.006838857640658183
HOUSE5115_5077_42.2595017017413	42.2595017017413	0.11190969810840191	0.006378934884110413
HOUSE2266_9100_43.3523853568322	43.3523853568322	0.11457005141630192	0.006392987654991619
HOUSE3663_10201_40.159634907598	40.159634907598	0.10637550286230192	0.005929341827021262
HOUSE3663_10546_40.1091290945932	40.1091290945932	0.10668587641230191	0.006362009785446682
HOUSE4675_4640_40.1916233511072	40.1916233511072	0.10373153220190191	0.00320791458206858
HOUSE4675_4641_41.0202834477492	41.0202834477492	0.10903982216290192	0.006509693009535411
HOUSE620_8516_30.7858579717577	30.7858579717577	0.0831189422429019	0.0053703765313845575
HOUSE1590_11513_40.5054228812557	40.5054228812557	0.11469797474570191	0.013414525224933832
HOUSE202_183_42.132383564578	42.132383564578	0.11633602130820192	0.011113061017070852
HOUSE202_14163_44.6586982638624	44.6586982638624	0.12164640392970191	0.01030624359238777
HOUSE2159_8690_44.4690673972946	44.4690673972946	0.1300438519197019	0.01916286238405189
HOUSE6019_6054_43.0926309444476	43.0926309444476	0.1244011063107019	0.016853009995088472
HOUSE5339_5319_32.9425424011359	32.9425424011359	0.0927179442184419	0.009747198509028165
HOUSE5672_10725_40.7396071986609	40.7396071986609	0.11474723151970191	0.012896729795321901
HOUSE4192_7511_40.1196926642208	40.1196926642208	0.11055379368470192	0.01020434850714906
HOUSE201_12287_42.1277206040546	42.1277206040546	0.11757053288430191	0.012358863451881821
HOUSE2047_2049_44.7129869699489	44.7129869699489	0.12302567923430191	0.011554064618756452
HOUSE5864_5842_41.7015337313014	41.7015337313014	0.11074741892630192	0.006567715289127751
HOUSE669_634_43.3422840968706	43.3422840968706	0.11252264459660191	0.004370039952725044
HOUSE669_635_40.2548875214447	40.2548875214447	0.11050119980660192	0.009824394784652787
HOUSE2298_9536_42.9050340867106	42.9050340867106	0.12714512030460193	0.020051269656457246
HOUSE1274_1255_40.4666843891181	40.4666843891181	0.10871971170460192	0.007530063287061517
HOUSE2380_11533_42.7792495056082	42.7792495056082	0.11055851518460191	0.0037692384066669443
HOUSE536_11687_43.7794845920719	43.7794845920719	0.11445791664560193	0.005246677901153893
HOUSE2853_9785_42.4807465434234	42.4807465434234	0.10953491977160192	0.0034684358961425826
HOUSE2853_2847_42.9135476821102	42.9135476821102	0.11129291526360191	0.00417844985745168
HOUSE3698_3638_43.2377014192753	43.2377014192753	0.11367053213360191	0.005771163224923506
HOUSE2611_7760_40.6143236358184	40.6143236358184	0.10787461127860191	0.006327470262459556
HOUSE3329_9904_42.0431533455849	42.0431533455849	0.11266163123560191	0.007654732348024454
HOUSE3954_3911_41.099567792844	41.099567792844	0.10797492576360192	0.005252818073431226
HOUSE3829_6621_41.0718448242411	41.0718448242411	0.10596466850860191	0.003309689013056394
HOUSE1212_1194_44.9670206243172	44.9670206243172	0.12346521185860192	0.011378481999229556
HOUSE1192_13610_42.2210964109672	42.2210964109672	0.11146709982540191	0.00602933089297894
HOUSE166_8755_40.583215200095	40.583215200095	0.10705758436540191	0.005585769089357484
HOUSE4122_10713_41.6003897017799	41.6003897017799	0.11272727488400192	0.008792480664579744
HOUSE3492_9963_42.9493915595283	42.9493915595283	0.10978352290170192	0.0025822653913615407
HOUSE492_467_40.354020895862	40.354020895862	0.10534740252170191	0.004430556667652338
HOUSE6019_11961_44.2736441118177	44.2736441118177	0.11702032608100192	0.006612533068050805
HOUSE3947_9839_40.0929994102882	40.0929994102882	0.1046132661109019	0.004328455784357713
HOUSE5819_8651_41.1906439682795	41.1906439682795	0.1056805245119019	0.002737885632668316
HOUSE2356_10904_41.0701466208701	41.0701466208701	0.11172979127590192	0.009078923797652766
HOUSE2186_11368_43.7458405673067	43.7458405673067	0.11529909024890192	0.006169316901423541
HOUSE2186_11787_41.3909373001661	41.3909373001661	0.11208145826890191	0.008653830571998894
HOUSE6019_12574_43.6339412722737	43.6339412722737	0.11647488717590192	0.007616065967892785
HOUSE672_11957_44.153706652819	44.153706652819	0.11671924412760191	0.006601866805908033
HOUSE4630_4595_40.5171810813977	40.5171810813977	0.10801567482760191	0.006703754086493763
HOUSE2600_13737_44.5700531049685	44.5700531049685	0.12687970581530192	0.015754190221270642
HOUSE5489_5479_41.6587344322501	41.6587344322501	0.1251730197083019	0.021096949982693625
HOUSE2702_2715_40.3970607323572	40.3970607323572	0.12154385412330193	0.020522791922068573
HOUSE2702_2714_40.8992597312783	40.8992597312783	0.11621243106730192	0.013975347861138562
HOUSE1965_8748_31.7764303407166	31.7764303407166	0.08104048487080191	8.933544266883225E-4
HOUSE3546_10900_40.7438414246965	40.7438414246965	0.09008777300080191	-0.011772981447717282
HOUSE2340_2353_43.8596732207131	43.8596732207131	0.10550676609080191	-0.003898640816055274
HOUSE1821_7411_43.2747683732305	43.2747683732305	0.1022289095818019	-0.005760212979701654
HOUSE767_749_44.6151684932437	44.6151684932437	0.10727276459180192	-0.00396199307540368
HOUSE6019_6130_42.9483755875845	42.9483755875845	0.10293289980380191	-0.004265897639460017
HOUSE5380_5360_44.3464028930799	44.3464028930799	0.1156267748108019	0.005042804213869115
HOUSE5897_8287_41.0016181678907	41.0016181678907	0.10261494574390191	1.3001256348556256E-4
HOUSE5897_8587_44.8862037176267	44.8862037176267	0.11049873108470191	-0.0013923093043603785
HOUSE2932_8795_40.5520282492812	40.5520282492812	0.09915237506980192	-0.0022439243502755113
HOUSE213_14281_44.679906065491	44.679906065491	0.1104527292568019	-9.387834971920223E-4
HOUSE229_7494_42.9842071033219	42.9842071033219	0.1060271806798019	-0.0012583789351663932
HOUSE209_192_40.903448673198	40.903448673198	0.09887441727580192	-0.0033728090038716158
HOUSE3276_7983_20.7466215859007	20.7466215859007	0.0462229341438019	-0.007216697569665725
HOUSE1529_12627_40.4238287103362	40.4238287103362	0.0925711018858019	-0.008514776102702834
HOUSE200_8594_30.4201937704347	30.4201937704347	0.07242164207480191	-0.004441506998062228
HOUSE748_729_30.1039278795943	30.1039278795943	0.07247291903780191	-0.0036244261062789163
HOUSE1575_1558_43.127584902104	43.127584902104	0.1023321194818019	-0.0053006140927605305
HOUSE4052_4009_43.7777793528115	43.7777793528115	0.10063336349180191	-0.008573746198698315
HOUSE2792_2784_41.6971296931417	41.6971296931417	0.09714000991180191	-0.0070290298193903256
HOUSE2792_2785_44.3032144755125	44.3032144755125	0.10581290785580191	-0.00466648662081906
HOUSE1253_11361_43.9027685606239	43.9027685606239	0.09671349201580191	-0.012796265633806078
HOUSE1253_11402_40.2432370933676	40.2432370933676	0.0893064899888019	-0.011342104771301584
HOUSE4933_4905_42.7683190058451	42.7683190058451	0.1134439189528019	0.006681109207527014
HOUSE5920_5904_21.7201117413185	21.7201117413185	0.0493208475688399	-0.006475986129545655
HOUSE4441_4405_31.9103789635812	31.9103789635812	0.0742729280508019	-0.006198544614890639
HOUSE815_12201_41.5496874123346	41.5496874123346	0.10307607258680192	-7.359514775701903E-4
HOUSE815_11933_43.5903742998729	43.5903742998729	0.10888432462180189	1.309961640260232E-4
HOUSE1868_7374_40.9187324657877	40.9187324657877	0.10335523837880191	0.0010710040348670125
HOUSE3035_3023_44.957792628388	44.957792628388	0.1125908901508019	5.265048936836797E-4
HOUSE2357_2368_42.1476978560405	42.1476978560405	0.09892390571080191	-0.006336136494339409
HOUSE284_13823_44.4020092314488	44.4020092314488	0.1105823719218019	-1.3624345859143683E-4
HOUSE284_6569_44.6110147086438	44.6110147086438	0.1121962197228019	9.715199994278917E-4
HOUSE2622_11286_42.8795526647546	42.8795526647546	0.1022652613418019	-0.00476688877647205
HOUSE5128_8951_41.3526410595035	41.3526410595035	0.09551720586290191	-0.007817691595279744
HOUSE3133_7766_44.8299393402754	44.8299393402754	0.1052054248589019	-0.006549377375891924
HOUSE335_14092_44.1799486643682	44.1799486643682	0.10217019216210191	-0.008010727375574095
HOUSE541_12223_44.6725130446788	44.6725130446788	0.10304423242010191	-0.008329378927045675
HOUSE4679_8649_44.4135762413498	44.4135762413498	0.1086142988769019	-0.002132324777171929
HOUSE825_13403_42.1328546936701	42.1328546936701	0.1037262589549019	-0.00149784212478761
HOUSE2564_2574_40.8198495610526	40.8198495610526	0.1019243080129019	-1.2049198440007569E-4
HOUSE4115_4072_41.1995726787941	41.1995726787941	0.09813624405540192	-0.00482801473855872
HOUSE4115_9639_40.0478523796462	40.0478523796462	0.09304040752340191	-0.0071350841113710095
HOUSE1294_11929_42.7093904583218	42.7093904583218	0.0993165669288019	-0.007303553659918902
HOUSE2146_11853_42.4766870681196	42.4766870681196	0.09333656706830191	-0.012720087223169765
HOUSE1029_6283_40.0097882549744	40.0097882549744	0.0955442431983019	-0.004539080241722282
HOUSE943_8635_40.3294668765739	40.3294668765739	0.0977965236303019	-0.0030608672999546532
HOUSE720_9423_40.9782466604565	40.9782466604565	0.09453855219030191	-0.00788978939192743
HOUSE720_9365_44.1780219401699	44.1780219401699	0.09969655657030191	-0.010479697611407893
HOUSE1592_1579_41.3131478673313	41.3131478673313	0.09228351154230191	-0.010955757387475076
HOUSE6019_9801_40.0804779930536	40.0804779930536	0.09178553137630191	-0.008468959681582872
HOUSE1099_1070_40.188941762317	40.188941762317	0.08932717350930192	-0.011189950930930365
HOUSE6019_10441_44.061661974574	44.061661974574	0.10061377737030192	-0.009280723636667335
HOUSE5561_8650_43.8689933154864	43.8689933154864	0.09759959297630191	-0.011828381540280944
HOUSE297_270_41.6931288235691	41.6931288235691	0.0947622426623019	-0.009397109392394132
HOUSE6019_12808_44.796762474536	44.796762474536	0.09975871372030191	-0.011915754292991021
HOUSE3758_13639_43.3725989964215	43.3725989964215	0.09560659982230191	-0.012619409098953913
HOUSE6019_13271_43.1014647073009	43.1014647073009	0.09507211992310191	-0.01249736640166181
HOUSE1314_1291_40.6902588712324	40.6902588712324	0.10067544368683991	-0.0010555663562740458
HOUSE3550_9961_41.733543339885	41.733543339885	0.11007826728283991	0.005821055812155779
HOUSE3550_12930_44.6344162942962	44.6344162942962	0.11319967325083992	0.0019183090981000211
HOUSE6019_6039_41.6943516966421	41.6943516966421	0.11223661499663991	0.008074301885975368
HOUSE4514_12160_44.7936503600795	44.7936503600795	0.11933920379963991	0.007672271437666439
HOUSE6019_11435_44.7333157253222	44.7333157253222	0.11885009155963991	0.007329253043626471
HOUSE1977_6760_42.5210554580959	42.5210554580959	0.11042930032563991	0.004265212737244076
HOUSE783_7395_42.6514781233568	42.6514781233568	0.1125698563628399	0.0060899642809724985
HOUSE2704_6459_40.3854389893159	40.3854389893159	0.1050109381858399	0.004018016788715023
HOUSE2098_2107_44.599389042712	44.599389042712	0.1120606701127019	8.641206922949396E-4
HOUSE2326_2344_44.4013125601345	44.4013125601345	0.1087706829827019	-0.0019462454828358816
HOUSE4127_11598_40.3658253140748	40.3658253140748	0.0973597357477019	-0.003585693238788351
HOUSE2209_11085_41.7451796330868	41.7451796330868	0.10079220036770191	-0.003493187138743567
HOUSE3411_9636_43.7273741120484	43.7273741120484	0.1019361421547019	-0.007148916652267773
HOUSE3411_9597_41.2245012897416	41.2245012897416	0.0994501732747019	-0.003574447476572498
HOUSE372_9469_40.0454969520539	40.0454969520539	0.08881839299170191	-0.011351395227823316
HOUSE3416_3367_42.9128228197806	42.9128228197806	0.10057887006170191	-0.0065338401680732905
HOUSE183_165_43.0167549210373	43.0167549210373	0.1049158417912019	-0.0024485288729552135
HOUSE5267_10377_41.9620020011925	41.9620020011925	0.10313998167220191	-0.0016704179400455071
HOUSE6019_7624_40.4147946008015	40.4147946008015	0.09840882174320191	-0.0026551811181547563
HOUSE4737_4706_41.7366065015085	41.7366065015085	0.09951446725620192	-0.004750161331767727
HOUSE4929_11331_43.160667940352	43.160667940352	0.10016794067680192	-0.0075448999260558786
HOUSE2841_11382_40.1891726139002	40.1891726139002	0.1023603782627019	0.0018426948401243926
HOUSE1871_9770_41.219133408304	41.219133408304	0.0991172923427019	-0.003894330659484746
HOUSE29_8868_41.0386908028209	41.0386908028209	0.0987542485727019	-0.003820452016411166
HOUSE922_11744_44.1812813003	44.1812813003	0.11028087528570191	9.672891306909681E-5
HOUSE3341_3291_44.0642882953398	44.0642882953398	0.11004009410570191	1.3923374472407657E-4
HOUSE1657_6810_40.0306396830934	40.0306396830934	0.0944231261257399	-0.005710686810738802
HOUSE1518_13806_44.8935409177221	44.8935409177221	0.10399060963973991	-0.007918196992290905
HOUSE1518_9824_42.5805009237956	42.5805009237956	0.09865922845713991	-0.0076487999497242415
HOUSE4152_12173_44.5272908055786	44.5272908055786	0.1031286153557399	-0.007893355917436617
HOUSE1269_1252_44.1577867791057	44.1577867791057	0.1017283206387399	-0.008398936271081514
HOUSE2346_2357_42.2419687906997	42.2419687906997	0.09844931645670191	-0.0070389927042602
HOUSE660_624_41.6539710623295	41.6539710623295	0.1003982696227019	-0.003666266113611011
HOUSE2651_7927_40.0369206625014	40.0369206625014	0.09395076735300191	-0.006198254301351722
HOUSE1139_10239_41.9638897303957	41.9638897303957	0.0988717440230019	-0.005943226523014086
HOUSE2587_11429_40.5206324602477	40.5206324602477	0.09587841526800191	-0.00544186261676162
HOUSE2784_11210_44.1288224801196	44.1288224801196	0.0999235226090019	-0.01013360035782912
HOUSE6019_10055_44.2431212787051	44.2431212787051	0.0993958479690019	-0.01093803727775565
HOUSE5096_10793_44.4722942417504	44.4722942417504	0.09996578570100191	-0.010923017292353773
HOUSE3519_6453_43.9975675531125	43.9975675531125	0.0990355844030019	-0.010703718837815956
HOUSE2210_13074_44.0724760786096	44.0724760786096	0.0987592638890019	-0.011161422310859079
HOUSE168_7047_43.7177310281862	43.7177310281862	0.0961532005310019	-0.01290850858281041
HOUSE2258_10781_40.8425673784222	40.8425673784222	0.10456616677470192	0.0024663580195829066
HOUSE6019_9929_43.9987527832812	43.9987527832812	0.11007483172970191	3.326585811703614E-4
HOUSE5024_12471_44.8583508418351	44.8583508418351	0.11153844651770191	-2.85151120412927E-4
HOUSE647_13173_44.698050759444	44.698050759444	0.10817133115870191	-0.003264117025315344
HOUSE5249_14120_44.7991162845539	44.7991162845539	0.10675253380840191	-0.004927633703355819
HOUSE299_10251_42.3629681929015	42.3629681929015	0.1014244691484019	-0.004356827085368914
HOUSE6019_10721_43.7391533388291	43.7391533388291	0.10534085564840191	-0.0037727252926579025
HOUSE2659_14252_44.749622922391	44.749622922391	0.10316380914170191	-0.008396515502738303
HOUSE1845_11645_42.6627406089261	42.6627406089261	0.09842272140500191	-0.008084441577543136
HOUSE6019_6016_32.2513189141173	32.2513189141173	0.0781130384527019	-0.0031839837305372293
HOUSE373_6349_44.7438011213671	44.7438011213671	0.1051400332717019	-0.006406194506064347
HOUSE2019_2012_44.0370377462378	44.0370377462378	0.10525545126870191	-0.004579424810795679
HOUSE2019_2013_43.4055446251296	43.4055446251296	0.1017027817387019	-0.006603001488388341
HOUSE605_573_41.9910918917738	41.9910918917738	0.10091124698370191	-0.003969590678111465
HOUSE605_572_42.5052877311341	42.5052877311341	0.10057921004170191	-0.0055466976872622226
HOUSE1567_1549_41.1400572445243	41.1400572445243	0.1008194469017019	-0.0020007016524034443
HOUSE1652_9401_42.5969760022409	42.5969760022409	0.1014364708807019	-0.004911450161333569
HOUSE6019_9915_41.9745920670064	41.9745920670064	0.1025386609729019	-0.00230222413317574
HOUSE4853_12047_40.7836203358602	40.7836203358602	0.0982495540539019	-0.0037075207609107846
HOUSE6019_6121_42.5251704484638	42.5251704484638	0.1028389473579019	-0.0033351042382541995
HOUSE477_446_44.9490768450778	44.9490768450778	0.1074984057256019	-0.004544875197173975
HOUSE1968_12993_44.6065688030062	44.6065688030062	0.0960710772716019	-0.015142857168183574
HOUSE1968_11790_40.5423545616213	40.5423545616213	0.08957372284460191	-0.01179915277850492
HOUSE1658_1651_43.709731673589	43.709731673589	0.0978515784338019	-0.011190761100945176
HOUSE697_8498_43.2697278979937	43.2697278979937	0.1028219185968019	-0.005154998994608237
HOUSE1350_10581_43.7703719653655	43.7703719653655	0.1013013833568019	-0.007887790139589332
HOUSE2917_8320_40.2218498871662	40.2218498871662	0.09165890535680192	-0.008937902577693516
HOUSE2849_2841_40.4684395027427	40.4684395027427	0.0971585001738019	-0.00403539806310918
HOUSE3726_12132_41.671707003843	41.671707003843	0.0948551513898019	-0.00925233002634901
HOUSE772_10998_43.8867777201255	43.8867777201255	0.1019630484158019	-0.007507989128878956
HOUSE1755_8118_41.9749549661821	41.9749549661821	0.0964256355558019	-0.008416128271701462
HOUSE5194_8980_42.1525697303955	42.1525697303955	0.1031245366478019	-0.002147302278483393
HOUSE3910_3870_41.9870727090749	41.9870727090749	0.1052457379078019	3.746322657556117E-4
HOUSE695_11017_43.4018414283609	43.4018414283609	0.1040656246698019	-0.0042311916635553865
HOUSE6019_10359_41.7382563045248	41.7382563045248	0.0985709502518019	-0.005697673157197131
HOUSE414_399_41.1833095175593	41.1833095175593	0.0941064564718019	-0.008818422821780275
HOUSE428_11309_44.0373114694376	44.0373114694376	0.09728772581680191	-0.012547813054061663
HOUSE5013_4985_40.1891419149899	40.1891419149899	0.0962378799868019	-0.004279729101657401
HOUSE4002_13016_43.6494676235482	43.6494676235482	0.1005664861968019	-0.008329930405304525
HOUSE3119_8597_40.2697771344284	40.2697771344284	0.09016391632680192	-0.010548942295776367
HOUSE1920_1916_42.3416746312285	42.3416746312285	0.0961916344728019	-0.009538101685541117
HOUSE1197_7907_43.5544465051498	43.5544465051498	0.10164371060280192	-0.007022622554031563
HOUSE3467_3414_40.9930360321844	40.9930360321844	0.09734614382280192	-0.005118008636608537
HOUSE4645_4610_41.4509228862603	41.4509228862603	0.09796282833980191	-0.005610048019165925
HOUSE4645_8768_42.8873843072971	42.8873843072971	0.10926212656480191	0.002211012964212708
HOUSE1583_8869_44.5896823750809	44.5896823750809	0.10828360970480191	-0.0028894360611719516
HOUSE5545_7979_44.7763523791279	44.7763523791279	0.11057959738980191	-0.0010454497668541118
HOUSE5545_5541_44.338844933091	44.338844933091	0.10957078802580192	-9.948817817612005E-4
HOUSE2974_12161_44.9933905105419	44.9933905105419	0.10335843219270191	-0.008792149517462142
HOUSE1210_1191_41.3264861812	41.3264861812	0.1009763030627019	-0.0022952631633053333
HOUSE1487_1467_42.7174408417697	42.7174408417697	0.10377180002980191	-0.0028678136988722347
HOUSE3264_7514_41.7747811237086	41.7747811237086	0.09863510167980191	-0.005721962660828181
HOUSE5158_13057_43.4346291948562	43.4346291948562	0.10525647057980192	-0.0031197378129753928
HOUSE5038_5011_40.2838389021626	40.2838389021626	0.09410002553780192	-0.006646882146936914
HOUSE3957_7997_40.8310704605759	40.8310704605759	0.0986075597948019	-0.003464410407028287
HOUSE1697_12740_44.3109885795697	44.3109885795697	0.10769567830480191	-0.002802540330864356
HOUSE5179_5148_42.9549114115071	42.9549114115071	0.10841896515480191	0.0012043419150101764
HOUSE4878_4850_44.0276579411118	44.0276579411118	0.1142842559078019	0.004472092020243915
HOUSE224_12492_41.8333975692253	41.8333975692253	0.1117201277078019	0.007221129932147505
HOUSE2238_9481_40.1116458435761	40.1116458435761	0.09914308247080192	-0.0011868781937433848
HOUSE3474_3425_41.2064445670694	41.2064445670694	0.10322316764980191	2.422693155310629E-4
HOUSE1140_12343_42.981758402467	42.981758402467	0.11038165936780191	0.003102029019281277
HOUSE447_9530_42.1769267369932	42.1769267369932	0.1078666253078019	0.0025358085028198
HOUSE1438_11257_44.7523683216423	44.7523683216423	0.12429776281680191	0.012730790482574042
HOUSE2686_2703_41.7419048068746	41.7419048068746	0.1120040524168019	0.007726594550738208
HOUSE1498_1481_11.8898236027319	11.8898236027319	0.028876324930801903	-0.0031175205363912564
HOUSE362_8872_31.9573464899292	31.9573464899292	0.0749275523274019	-0.005657647165129148
HOUSE5693_5678_44.7547815780117	44.7547815780117	0.1079063951447019	-0.003666420630954126
HOUSE314_7291_40.3423654043336	40.3423654043336	0.09163847096270192	-0.00925015236889784
HOUSE627_589_44.5098913254237	44.5098913254237	0.10587284802270192	-0.005106992275724198
HOUSE2261_12093_41.5892532643923	41.5892532643923	0.09282605290070192	-0.011081775630193372
HOUSE3217_10218_40.2251007856267	40.2251007856267	0.09595190874370191	-0.0046527708926912825
HOUSE1595_1585_30.0197411044501	30.0197411044501	0.0682370283137019	-0.007656467585094487
HOUSE4757_7594_40.4701438672092	40.4701438672092	0.0920060016189019	-0.009192023553737397
HOUSE6019_12046_42.7221935675619	42.7221935675619	0.0985590027751019	-0.008092119169252482
HOUSE90_13622_44.4691047045049	44.4691047045049	0.1032934938529019	-0.007587586018155915
HOUSE6019_10428_40.5894768214785	40.5894768214785	0.09137709467640193	-0.010109882444137644
HOUSE3291_3252_43.1689956393206	43.1689956393206	0.09927673321440192	-0.008456272018194905
HOUSE1396_8254_43.8385718277869	43.8385718277869	0.1011092094524019	-0.008245102695033896
HOUSE6019_7151_43.7934209559404	43.7934209559404	0.09822119536490193	-0.011023788789697953
HOUSE2767_9335_40.0004404302553	40.0004404302553	0.10010147167450192	4.078298929256763E-5
HOUSE4219_4166_44.276570630027	44.276570630027	0.11247567248950191	0.0020607932266349938
HOUSE4219_4167_41.0793788443105	41.0793788443105	0.10118086072850191	-0.0014923615884662594
HOUSE2359_2373_41.2059720256366	41.2059720256366	0.10533302261450192	0.0023532684886210103
HOUSE4200_6377_41.2646980203662	41.2646980203662	0.09943985018650192	-0.0036821026360709663
HOUSE3821_3774_40.3090942232891	40.3090942232891	0.09692459346150192	-0.0038834672742028703
HOUSE3821_3775_41.2772646639496	41.2772646639496	0.09747036737150191	-0.005682014230482563
HOUSE3883_3838_42.4099053721875	42.4099053721875	0.10592165153850192	2.6701960047878504E-5
HOUSE3113_3086_43.254295947263	43.254295947263	0.10774534754850193	-1.9420322960135572E-4
HOUSE1136_8875_44.699262464419	44.699262464419	0.10937732854650192	-0.002061053651132516
HOUSE3647_7016_44.2888719709952	44.2888719709952	0.10794260785720192	-0.002502057783252909
HOUSE1637_1630_40.8464333158918	40.8464333158918	0.09930972540420191	-0.0027994443038000805
HOUSE1829_1829_41.1202488758136	41.1202488758136	0.10222440610250191	-5.47778611616978E-4
HOUSE209_193_40.0467689725268	40.0467689725268	0.09762779916450193	-0.0025450691161486017
HOUSE2733_2734_42.1680432150517	42.1680432150517	0.10287736828450192	-0.002431938025035496
HOUSE1483_12295_40.8561774424743	40.8561774424743	0.1009114426825019	-0.001221321382765761
HOUSE830_810_43.0537925885224	43.0537925885224	0.10781695240450193	3.628990015654421E-4
HOUSE5637_12807_43.7102315598167	43.7102315598167	0.10605965933350192	-0.0029838906221226758
HOUSE1448_11745_41.5034279623069	41.5034279623069	0.10012063446850192	-0.003579377299885847
HOUSE5904_5883_43.9548931242207	43.9548931242207	0.11025703404740192	6.210623584535502E-4
HOUSE5904_5882_42.6906991982833	42.6906991982833	0.1109197725174019	0.004344910809850222
HOUSE3515_3463_43.5567947058007	43.5567947058007	0.10627994599440191	-0.0023920730784159072
HOUSE4809_13838_44.7628011864005	44.7628011864005	0.11056871445440192	-0.001023519942703069
HOUSE2253_11888_41.9362628061256	41.9362628061256	0.1031657866444019	-0.0015822882680380929
HOUSE2182_6280_30.2019324707799	30.2019324707799	0.07594210374040192	-3.925490082685168E-4
HOUSE4355_4318_41.0739506271236	41.0739506271236	0.10549757710440191	0.0028374986330661905
HOUSE759_737_44.124732442433	44.124732442433	0.1001714774384019	-0.009875741940909927
HOUSE5708_5698_43.2914582995393	43.2914582995393	0.1003278534624019	-0.007701681965327667
HOUSE4423_4386_41.2171834216396	41.2171834216396	0.1062868238124019	0.0032799224937477556
HOUSE1283_13559_44.701875156906	44.701875156906	0.1148151994874019	0.003370490935174081
HOUSE6019_12423_44.6617128247457	44.6617128247457	0.1106172841314019	-7.301756417187888E-4
HOUSE6019_12530_43.6973415665258	43.6973415665258	0.1084703838974019	-5.419543221801826E-4
HOUSE1382_1361_42.2587978746742	42.2587978746742	0.0944007363384019	-0.011128322644146246
HOUSE1182_1152_40.8981425450422	40.8981425450422	0.0940119030784019	-0.008222474981131461
HOUSE1219_1202_41.9913895358332	41.9913895358332	0.09648214023700191	-0.008399418137972972
HOUSE524_503_43.2778785738628	43.2778785738628	0.0979054169770019	-0.010091236601701109
HOUSE3931_11709_43.5707197351736	43.5707197351736	0.10160062195940191	-0.007105115078302526
HOUSE6019_11177_42.1685016674449	42.1685016674449	0.09699822566640191	-0.008312190736427374
HOUSE4711_4682_42.9183164972346	42.9183164972346	0.1003557929864019	-0.006770219594020591
HOUSE1143_12081_41.6825580759905	41.6825580759905	0.0950834833754019	-0.009050272747958138
HOUSE1729_1725_43.5713015609756	43.5713015609756	0.09772785859540191	-0.010979287271069532
HOUSE1729_1724_41.5061742952093	41.5061742952093	0.09037046781040191	-0.0133361939085095
HOUSE5513_5504_40.2178653925308	40.2178653925308	0.09561984333540191	-0.004967316572751193
HOUSE414_398_40.0449582445621	40.0449582445621	0.09815084598040191	-0.0020176378167191533
HOUSE6019_6031_40.0233334593941	40.0233334593941	0.0966251245098019	-0.0034909971897286035
HOUSE3052_7643_42.5765040173248	42.5765040173248	0.10338451980380191	-0.002913830522791941
HOUSE5920_11862_43.9138562057633	43.9138562057633	0.1018986071154019	-0.007637998077537914
HOUSE6019_7378_42.3949262476526	42.3949262476526	0.1029392411144019	-0.002919438120803669
HOUSE5135_8911_42.9531459964346	42.9531459964346	0.10375191101940191	-0.00345843745716809
HOUSE3205_10342_44.3461977471277	44.3461977471277	0.1081624959744019	-0.002420977883613673
HOUSE1775_1780_43.1080450874288	43.1080450874288	0.10291701066430191	-0.0046684093450632125
HOUSE556_526_41.5333029217115	41.5333029217115	0.0998739282943019	-0.0038984224835929976
HOUSE430_10312_40.4739065223839	40.4739065223839	0.09638496071080191	-0.004822175327722375
HOUSE701_12123_43.8376042568096	43.8376042568096	0.10884939952080191	-5.025697573038113E-4
HOUSE4935_8402_40.7114236444016	40.7114236444016	0.09700671947680191	-0.004775538794193054
HOUSE2904_9487_43.4509958104407	43.4509958104407	0.10773412451080192	-6.817138859641081E-4
HOUSE2524_2540_40.1713953199602	40.1713953199602	0.10601329559480191	0.00553865798252727
HOUSE2524_2541_41.1756575971718	41.1756575971718	0.10688264505480191	0.0039762940656154905
HOUSE4716_4688_24.7232691073631	24.7232691073631	0.0588525708134019	-0.0042160862977464394
HOUSE39_13094_44.9881299324867	44.9881299324867	0.09982925288840191	-0.012308590896304428
HOUSE4767_4730_43.7679426104296	43.7679426104296	0.09770729654940191	-0.01147599452460929
HOUSE365_9277_42.4532624720043	42.4532624720043	0.09883782925970191	-0.007162104885036283
HOUSE6019_10642_43.5928995280783	43.5928995280783	0.10140082393140191	-0.00735861909559174
HOUSE4500_4466_43.648900706321	43.648900706321	0.10851472815780192	-3.8031571505214856E-4
HOUSE3442_6732_32.2291335810442	32.2291335810442	0.07487008575580191	-0.00637321702322452
HOUSE3879_3835_40.5536739456372	40.5536739456372	0.09997069415580191	-0.0014295901414674989
HOUSE2394_2415_40.1683053125654	40.1683053125654	0.11200704272080192	0.011539887229968251
HOUSE3007_10016_43.4513536469587	43.4513536469587	0.11717729897580191	0.008760594116292736
HOUSE2353_10003_43.9893814877186	43.9893814877186	0.12223425571780192	0.012514774156214992
HOUSE2142_10688_40.9437560608085	40.9437560608085	0.10792087444280192	0.005576048147808738
HOUSE2776_2770_40.0204078504594	40.0204078504594	0.10424978628780192	0.004140748636476316
HOUSE1144_11083_42.8264408081304	42.8264408081304	0.10725927112340192	3.557256686271132E-4
HOUSE3023_3014_44.6913682529703	44.6913682529703	0.10508407035340192	-0.006335196858022668
HOUSE2254_6480_40.5809930501725	40.5809930501725	0.09613647320140191	-0.005329961376975528
HOUSE220_201_42.898030866978	42.898030866978	0.1043657484014019	-0.0027111447013966478
HOUSE1309_8790_40.0440243549221	40.0440243549221	0.10227793517240191	0.0021117126888656468
HOUSE1435_9424_40.5590842577664	40.5590842577664	0.1027292976424019	0.001315912854676582
HOUSE5564_12429_41.8029872278271	41.8029872278271	0.09753179579840192	-0.006893566597678355
HOUSE219_11832_44.7559051575078	44.7559051575078	0.11773999550840192	0.0061644591055226294
HOUSE4732_4704_40.642563838046	40.642563838046	0.10319280343840191	0.0015772818018958829
HOUSE2981_2967_40.8594472836801	40.8594472836801	0.10657576228240191	0.00443508064741073
HOUSE5592_5587_42.7562248392496	42.7562248392496	0.10761469301170191	8.811679934950939E-4
HOUSE5592_13552_43.7632287044532	43.7632287044532	0.1087133550197019	-4.585218366487953E-4
HOUSE4634_7502_40.5276115867309	40.5276115867309	0.1021018350137019	7.646579228111905E-4
HOUSE4634_4599_44.9436512042303	44.9436512042303	0.11260675538570192	5.766120702290073E-4
HOUSE1855_1844_42.1272231731564	42.1272231731564	0.1032437867257399	-0.0019666782311196784
HOUSE121_9665_44.3637139908969	44.3637139908969	0.1067325270756399	-0.003893360487692843
HOUSE1965_13019_44.487880672731	44.487880672731	0.11208489504563993	0.0011583511816233572
HOUSE5569_5565_41.8743059027474	41.8743059027474	0.10907999787873991	0.004481944961704454
HOUSE5871_5848_40.9298125653938	40.9298125653938	0.09932091254400191	-0.0029901510725653113
HOUSE1358_11320_40.6106927490328	40.6106927490328	0.0981396474350019	-0.003398701778274865
HOUSE142_10479_44.995289219529	44.995289219529	0.10642209523400191	-0.005733083996299626
HOUSE3050_11649_44.42196132345	44.42196132345	0.10268260633843991	-0.008084320892470603
HOUSE1966_1961_40.2149075725956	40.2149075725956	0.0996291050647399	-9.508927997258776E-4
HOUSE5805_5790_44.050450067458	44.050450067458	0.1074349464127399	-0.002432406163850806
HOUSE5805_5791_42.3411548217569	42.3411548217569	0.1027601597797779	-0.002968317715689686
HOUSE4529_4483_40.1426451851148	40.1426451851148	0.09781419738173991	-0.002590824863037619
HOUSE2950_7642_43.3444063930277	43.3444063930277	0.11219517887273991	0.004037435316377652
HOUSE4519_8437_43.8699368108064	43.8699368108064	0.1079916559147399	-0.0014386031745514671
HOUSE1546_1531_44.017386657438	44.017386657438	0.1104513140547399	6.640209787959622E-4
HOUSE3246_3206_40.2190040325289	40.2190040325289	0.09838132471543991	-0.002208592287326533
HOUSE6019_11455_41.702400414506	41.702400414506	0.1019957230184399	-0.0021860791991449857
HOUSE1427_1415_44.7577115593711	44.7577115593711	0.11601952077543992	0.004439610364221622
HOUSE952_10827_43.4202366892714	43.4202366892714	0.1047331036914399	-0.0036082547929499192
HOUSE803_7632_31.5872974987094	31.5872974987094	0.07949713983243992	-1.920257230598743E-4
HOUSE868_8657_32.9895997439082	32.9895997439082	0.08110348254173991	-0.0019812074753491615
HOUSE2106_2121_42.7658681410308	42.7658681410308	0.1064341174407399	-3.2275779829177287E-4
HOUSE1018_8200_40.2524920887685	40.2524920887685	0.09959411083073991	-0.001076893907942203
HOUSE5139_5102_31.5935005130596	31.5935005130596	0.07865353972763992	-0.0010506457617106557
HOUSE5164_5130_44.5912262621239	44.5912262621239	0.1078340576806399	-0.0033427264421956038
HOUSE194_174_44.8575025353296	44.8575025353296	0.10969701565763991	-0.002124527897269829
HOUSE5657_11575_43.7764252818395	43.7764252818395	0.1090576272883399	-1.4620366455302125E-4
HOUSE2602_2614_44.4580785150174	44.4580785150174	0.1074283250483399	-0.0034260560876548246
HOUSE2658_10857_42.7062139939684	42.7062139939684	0.1062047801156399	-4.0764900538892146E-4
HOUSE6019_14403_44.8225775477294	44.8225775477294	0.1103913525747399	-0.0013456238691042927
HOUSE6_10601_41.6392009693664	41.6392009693664	0.1059851754747399	0.0019564039341471717
HOUSE724_702_40.3420408591515	40.3420408591515	0.0999802834157399	-9.075540645154256E-4
HOUSE1940_1937_42.6937320719134	42.6937320719134	0.1066560140074019	7.380852169171226E-5
HOUSE3750_3703_40.5153760639496	40.5153760639496	0.1021892739674019	8.817238824198464E-4
HOUSE156_143_44.9650937329746	44.9650937329746	0.0996865219193019	-0.012395542179382268
HOUSE3943_3901_40.6542714698859	40.6542714698859	0.08722158406930189	-0.01442228634182513
HOUSE1303_1280_30.7914941762793	30.7914941762793	0.07200865986860189	-0.005753553307568049
HOUSE246_13567_43.6226640428948	43.6226640428948	0.1120184922753019	0.0031869776685237994
HOUSE5334_5313_41.5755845465226	41.5755845465226	0.1013209182853019	-0.0025538129115172115
HOUSE2813_11683_41.865173988736	41.865173988736	0.0964429448756019	-0.008132996091236647
HOUSE4454_10254_41.77643236375	41.77643236375	0.0987216580156019	-0.0056394046256596775
HOUSE579_10398_41.7580723983701	41.7580723983701	0.0958570698686019	-0.008459536085968333
HOUSE227_10539_40.8694580872543	40.8694580872543	0.1041493932256019	0.001984471503616095
HOUSE3464_3413_44.2140990519603	44.2140990519603	0.1033179380856019	-0.00694567295231148
HOUSE2061_11311_44.2087395447593	44.2087395447593	0.1021340341696019	-0.008116599396539345
HOUSE2476_6827_41.8390603870977	41.8390603870977	0.0929164967693019	-0.01159621291237925
HOUSE2397_12437_43.6421298314832	43.6421298314832	0.0966661019213019	-0.012212547004445143
HOUSE1177_11854_44.9878844304476	44.9878844304476	0.1041139097743019	-0.008023339553551792
HOUSE4116_4075_40.5037403627108	40.5037403627108	0.0932776553863019	-0.008001720096293713
HOUSE4292_8433_44.9272204330819	44.9272204330819	0.1040890505893019	-0.00790130737636631
HOUSE621_7602_32.2678010614331	32.2678010614331	0.0733904000396019	-0.007946531895320172
HOUSE3292_7249_44.0704864135478	44.0704864135478	0.10291566075600189	-0.007000207683343598
HOUSE3292_10220_41.8921047998737	41.8921047998737	0.0990409749360019	-0.005600176101134682
HOUSE3241_8515_43.3595541940258	43.3595541940258	0.0993265740240019	-0.008867848307570522
HOUSE2763_10288_42.1728118959983	42.1728118959983	0.0951637442500019	-0.010157108908910611
HOUSE1807_8866_40.5425797701986	40.5425797701986	0.0954999306400019	-0.0058734903015167095
HOUSE4175_11018_44.7163534944411	44.7163534944411	0.1018904205850019	-0.009589345708473862
HOUSE147_11610_42.6465821790043	42.6465821790043	0.10242349686540189	-0.004044540212404565
HOUSE2742_2746_40.1134392093087	40.1134392093087	0.09440088421240189	-0.0059334188948903105
HOUSE2742_2747_44.7366856399458	44.7366856399458	0.1077839874754019	-0.003745010927381373
HOUSE38_8381_44.397113988897	44.397113988897	0.1095011456606019	-0.0012056164150655996
HOUSE3523_3470_41.74677206875	41.74677206875	0.09840131964060189	-0.0058879237779812105
HOUSE748_13146_43.5773876298144	43.5773876298144	0.10761249326760189	-0.001109389361709262
HOUSE4050_13348_44.9885168997964	44.9885168997964	0.11200100665060189	-1.377741339348565E-4
HOUSE2166_8390_40.1716013543394	40.1716013543394	0.0955503298446019	-0.004924806657820635
HOUSE935_921_41.758109820519	41.758109820519	0.09944572219260189	-0.004870974375687634
HOUSE4526_8855_40.1720573007272	40.1720573007272	0.0998012976666019	-6.749428610892533E-4
HOUSE4943_12796_40.7002504577395	40.7002504577395	0.09240598987060189	-0.009349213727440103
HOUSE643_8328_40.0053742916189	40.0053742916189	0.09280340172560189	-0.0072692337756434106
HOUSE1795_8714_40.8404076460283	40.8404076460283	0.0928684410076019	-0.009226138187200056
HOUSE4827_14067_44.3181987900047	44.3181987900047	0.1127322902136019	0.0022166128268075874
HOUSE726_8486_43.4189905531095	43.4189905531095	0.1099208793436019	0.0015825382442549163
HOUSE2284_9952_42.4780604972806	42.4780604972806	0.1111128916663019	0.005052911763444801
HOUSE4418_12248_43.3611778818588	43.3611778818588	0.10303127658630189	-0.005167077331184919
HOUSE390_9096_40.392035348608	40.392035348608	0.09780153091130189	-0.0032073628622563966
HOUSE1992_10468_40.9175015459217	40.9175015459217	0.1092259990713019	0.006944745267781563
HOUSE3970_7533_24.2226215687792	24.2226215687792	0.06751782625480189	0.005661433453802392
HOUSE3406_3358_30.2312900475226	30.2312900475226	0.0854645366888019	0.009058797717240413
HOUSE5088_5058_43.2941446765981	43.2941446765981	0.11081559935880189	0.002779559157192482
HOUSE828_10692_41.0367570270768	41.0367570270768	0.11252325246080189	0.009953234302216757
HOUSE828_10297_42.6674934581388	42.6674934581388	0.1154425025808019	0.008923831083727102
HOUSE2187_2211_41.936568801575	41.936568801575	0.10421878288880189	-5.300329587946684E-4
HOUSE4924_4899_44.868726479717	44.868726479717	0.11743847737380189	0.0055897562415521684
HOUSE1800_1805_42.7580054232385	42.7580054232385	0.11249163580780189	0.005753799296469422
HOUSE6019_11433_44.4910437486199	44.4910437486199	0.11141860343880189	4.8440052582394977E-4
HOUSE675_645_44.5336728961499	44.5336728961499	0.11434578737280189	0.0033083625519147314
HOUSE4575_4523_44.2749485136208	44.2749485136208	0.11309293362880189	0.0026819821468079402
HOUSE1384_10660_31.6364209212618	31.6364209212618	0.0859974110943019	0.006189298440567939
HOUSE4168_9854_41.5965266295561	41.5965266295561	0.1099095912146019	0.005984151010177366
HOUSE512_488_40.756758546485	40.756758546485	0.1008670104946019	-0.001025021378706692
HOUSE158_7889_24.8309563174788	24.8309563174788	0.0633515692826019	2.215914378060624E-5
HOUSE5705_10340_40.4395992454429	40.4395992454429	0.0997207809426019	-0.0014032837049561958
HOUSE5705_11773_41.2966019548085	41.2966019548085	0.09953293300760188	-0.003666271769883503
HOUSE5731_13953_44.9986811910126	44.9986811910126	0.1087366889459019	-0.0034267035794899176
HOUSE5731_10664_43.5369620018173	43.5369620018173	0.1022394993959019	-0.0063844969116770706
HOUSE5654_10679_40.3124842406632	40.3124842406632	0.1076759353859019	0.006859666086773353
HOUSE336_321_44.9840538491655	44.9840538491655	0.1230023749879019	0.010874401001715814
HOUSE2966_10152_44.9734366300981	44.9734366300981	0.1185787945579019	0.006476529028776948
HOUSE1017_11013_41.7752673199773	41.7752673199773	0.1128355357499399	0.008477294137199498
HOUSE1017_989_44.9884548711896	44.9884548711896	0.1206742739769019	0.008535643387982711
HOUSE4362_4324_32.4995626089446	32.4995626089446	0.0838901488936019	0.0019920312324746142
HOUSE6019_6005_30.6314442897322	30.6314442897322	0.07868584106440189	0.0013111715199318613
HOUSE3536_12220_44.5151430822563	44.5151430822563	0.1098594575174019	-0.0011330993468376543
HOUSE2421_2439_41.6361783225968	41.6361783225968	0.0988248465474019	-0.005196605978277993
HOUSE3437_9459_40.0126903866961	40.0126903866961	0.1087517455994019	0.008661394958725699
HOUSE4616_4575_41.6983601282824	41.6983601282824	0.11276383206960189	0.008591812971705387
HOUSE4616_4574_42.3017374135088	42.3017374135088	0.11402403542460189	0.008391002954896143
HOUSE75_11069_40.0564460700843	40.0564460700843	0.1076155782186399	0.00741927788431751
HOUSE2462_2482_41.7906017077262	41.7906017077262	0.10907854520263989	0.004683173014887451
HOUSE6019_8925_40.1929470333858	40.1929470333858	0.1061955205546399	0.00566869778016052
HOUSE1201_1175_42.5344610852363	42.5344610852363	0.1125048626926019	0.006308314816109106
HOUSE4338_11236_40.6350520794816	40.6350520794816	0.1055381530713019	0.003940820352372171
HOUSE2387_2405_44.9283987654192	44.9283987654192	0.1168290882073019	0.004835877036278788
HOUSE2387_14000_44.2610569448998	44.2610569448998	0.1154178405604019	0.00504052602191532
HOUSE3871_3829_42.7287289628293	42.7287289628293	0.1108976254513019	0.004230678748360278
HOUSE479_13383_44.3119615195664	44.3119615195664	0.1124485870626019	0.0019480125571010448
HOUSE4531_4484_40.8373521897011	40.8373521897011	0.1091782961186019	0.007091115383537017
HOUSE4309_4262_41.3877554667248	41.3877554667248	0.1097370438586019	0.00631712063006129
HOUSE4317_10181_41.7442235464253	41.7442235464253	0.11267617543460189	0.008393102989447676
HOUSE6019_6154_32.4383062276543	32.4383062276543	0.07891783333760188	-0.0028319585672116065
HOUSE778_758_42.2675386292394	42.2675386292394	0.10500638849760191	-5.438352845038852E-4
HOUSE4706_10081_40.7590262919815	40.7590262919815	0.0985425438046019	-0.003354979171165076
HOUSE1650_11843_44.7457425374108	44.7457425374108	0.11032394268460191	-0.0012269860238581926
HOUSE2480_11432_43.2525718177203	43.2525718177203	0.1054358537546019	-0.0024995222287613472
HOUSE2540_11359_43.979469030432	43.979469030432	0.1067162845251019	-0.0029791950844762077
HOUSE3924_3887_43.6436170490924	43.6436170490924	0.1021745557851019	-0.006707694278551765
HOUSE2984_2972_40.0035680393179	40.0035680393179	0.10169237179610191	0.0016241099410465448
HOUSE2626_10196_40.2620466682242	40.2620466682242	0.1001581247221019	-5.360154058111077E-4
HOUSE2626_2635_43.0829782364589	43.0829782364589	0.10769619978310191	1.7147646443575748E-4
HOUSE2383_2399_44.4501254024736	44.4501254024736	0.11029877855410189	-5.363449729995501E-4
HOUSE2838_9148_40.5359876854345	40.5359876854345	0.10279891003410191	0.0014414511187057222
HOUSE4204_11604_44.0970683221491	44.0970683221491	0.11319967674410189	0.0032194430645234445
HOUSE4360_4320_42.783768252988	42.783768252988	0.10490224701060188	-0.001897971429386594
HOUSE3203_3152_41.1698670440819	41.1698670440819	0.10324003426060188	3.477044745692215E-4
HOUSE6019_10447_42.4666553956922	42.4666553956922	0.10844793170660189	0.00241556803381425
HOUSE2756_11207_40.1401991834138	40.1401991834138	0.0951616174866019	-0.005237482027439594
HOUSE2836_6438_40.2797834910281	40.2797834910281	0.10119751764960189	4.6042970790072246E-4
HOUSE731_12502_40.3909730109848	40.3909730109848	0.10022680872560188	-7.795127113589401E-4
HOUSE3841_3798_40.3670256455578	40.3670256455578	0.10943859159760191	0.008490256137185292
HOUSE63_10512_43.420561987441	43.420561987441	0.1146953753556019	0.006353229196589177
HOUSE1566_1546_44.2049685877282	44.2049685877282	0.12030661864560191	0.01006511604740036
HOUSE2777_2772_40.4122811171692	40.4122811171692	0.09508649530360191	-0.005971421426760881
HOUSE482_9749_44.1120438758208	44.1120438758208	0.11388209418160189	0.0038655988052371665
HOUSE3426_3377_43.0186846792674	43.0186846792674	0.1113364110586019	0.003967367691896012
HOUSE6019_9795_44.4330208321446	44.4330208321446	0.1144223657936019	0.003628659148742483
HOUSE3426_3376_43.8971953280569	43.8971953280569	0.11202659399460188	0.0025303313298134233
HOUSE1521_11962_43.794222111036	43.794222111036	0.1159813959136019	0.006734471847878051
HOUSE5843_9714_43.986174034327	43.986174034327	0.1076420268738019	-0.0020696881834612324
HOUSE708_10797_43.8170264909475	43.8170264909475	0.1106776424638019	0.001375500038351407
HOUSE809_9864_40.9216494284124	40.9216494284124	0.1039803190148019	0.0016890215587742757
HOUSE1748_1741_41.099758768687	41.099758768687	0.1046905154075019	0.0019679452898133942
HOUSE3328_9944_43.5991888466743	43.5991888466743	0.1075449565765019	-0.0012297153608158834
HOUSE5156_6359_41.2254699563331	41.2254699563331	0.1034069908865019	3.8002461298519696E-4
HOUSE2196_10322_40.0638501496157	40.0638501496157	0.1023236686585019	0.0021094401398308593
HOUSE761_740_32.8399805899244	32.8399805899244	0.0846834261865019	0.0019610229011168545
HOUSE3853_3812_42.1570554375648	42.1570554375648	0.10648236705850189	0.0011996664734885837
HOUSE5681_5670_42.5290402001701	42.5290402001701	0.1063972402985019	2.1381851369779714E-4
HOUSE914_12813_42.3755550582428	42.3755550582428	0.10387052520070189	-0.0019412487772980797
HOUSE3965_8205_44.0537031996854	44.0537031996854	0.1042650009507019	-0.005610228736613501
HOUSE1699_7748_44.3768947653007	44.3768947653007	0.12218750115150193	0.011529697756853904
HOUSE1614_1605_41.3973904459272	41.3973904459272	0.10942620704550188	0.005982953748368214
HOUSE1614_1604_41.0226731005793	41.0226731005793	0.1106973691195019	0.008161453678145705
HOUSE282_259_32.0446984646603	32.0446984646603	0.0898188535587019	0.009022140629618133
HOUSE1119_10443_40.1266582675908	40.1266582675908	0.1036329959427019	0.0032666843037898463
HOUSE1119_9982_44.2190570221283	44.2190570221283	0.11248988646270189	0.0022142702318688617
HOUSE920_904_41.139320726243	41.139320726243	0.11587356139270188	0.013055196238608291
HOUSE5174_5143_43.6423198424745	43.6423198424745	0.1189064197687019	0.010027310751721932
HOUSE2032_12383_43.9142903843498	43.9142903843498	0.11399225020870188	0.004454593698889273
HOUSE3700_3640_42.3614324335851	42.3614324335851	0.11374307108270187	0.007965493525374595
HOUSE1465_8553_44.0948816831224	44.0948816831224	0.12132485827670192	0.011349919308965534
HOUSE2165_2184_31.822412442416	31.822412442416	0.0851931479613019	0.004934676790429748
HOUSE2055_11710_43.0288667637882	43.0288667637882	0.11388989135170188	0.006496193159562527
HOUSE4304_9334_43.0959317635279	43.0959317635279	0.11264416676170189	0.005088077866764823
HOUSE1680_1679_42.7337163303866	42.7337163303866	0.11172011690670189	0.005041093828215895
HOUSE5007_9842_40.5025014664809	40.5025014664809	0.11046135856150188	0.009184982933230404
HOUSE349_10844_43.0249540542383	43.0249540542383	0.1144698399365019	0.007085615950820717
HOUSE4482_8561_44.8035282618566	44.8035282618566	0.12149879931550192	0.009807948673979133
HOUSE300_8716_40.9697684712955	40.9697684712955	0.1089270375507019	0.0065192249940693725
HOUSE1799_8331_40.8664622087963	40.8664622087963	0.11003474267120189	0.00787707514753383
HOUSE104_91_43.7321072278507	43.7321072278507	0.10878009360120189	-3.1642593796103735E-4
HOUSE475_8113_42.5021282525424	42.5021282525424	0.1098074512712019	0.0036891938807298574
HOUSE2587_10314_43.6386840229419	43.6386840229419	0.11168446240520188	0.0028141571352052336
HOUSE4743_8532_43.6394596198176	43.6394596198176	0.11494971590820191	0.00607753261356915
HOUSE2807_2801_44.1062624966108	44.1062624966108	0.11747023261820189	0.0074677362314248125
HOUSE6019_8828_44.5966716902117	44.5966716902117	0.11906576627120191	0.007875796628383627
HOUSE1485_1465_44.4311178485523	44.4311178485523	0.12207220919520193	0.011283110420977946
HOUSE4040_4001_41.1111466298102	41.1111466298102	0.1052449010601019	0.002494756458281025
HOUSE4775_6648_41.4620849678667	41.4620849678667	0.1060504617001019	0.0024505575578822325
HOUSE1248_7238_41.8718706844906	41.8718706844906	0.11764862699720191	0.013056470699949085
HOUSE5122_10736_44.9756485004023	44.9756485004023	0.1276394175572019	0.015531796221402952
HOUSE1788_1792_43.5126165603288	43.5126165603288	0.12027728438050192	0.0117122379479484
HOUSE264_6989_40.3125365511581	40.3125365511581	0.1115934195665019	0.010777023603121327
HOUSE898_8746_40.1776434332146	40.1776434332146	0.10499299798720191	0.004503231238917729
HOUSE5831_5814_44.5193486497737	44.5193486497737	0.1256684067732019	0.014665666578350792
HOUSE176_10916_40.5111905012745	40.5111905012745	0.1102267552992019	0.008929340105251704
HOUSE5443_5429_44.774542964761	44.774542964761	0.1190069167415019	0.007386250887639209
HOUSE2217_12092_42.7132114255801	42.7132114255801	0.1140948620155019	0.007465489364440817
HOUSE2659_2665_41.0197366157081	41.0197366157081	0.1114060577865019	0.00887725272826416
HOUSE2885_9227_40.8474617905449	40.8474617905449	0.11777390502960189	0.015662244980552048
HOUSE3381_10305_31.8812121514094	31.8812121514094	0.0886812275496019	0.008280379190855308
HOUSE2498_2522_42.0518106024448	42.0518106024448	0.10695269062190191	0.0019248291155033598
HOUSE2984_11050_42.7407197191124	42.7407197191124	0.1119649926219019	0.005269011588870887
HOUSE3351_10706_42.3911789909471	42.3911789909471	0.1123066820339019	0.0064570763788399516
HOUSE4598_9984_40.2665774989873	40.2665774989873	0.09870924928090191	-0.001995861767681087
HOUSE1146_10012_40.3368607948652	40.3368607948652	0.1047656765316019	0.003890382021349628
HOUSE4730_12657_42.4809594628818	42.4809594628818	0.11106539322160189	0.004998393784513944
HOUSE4248_8288_30.3140186599921	30.3140186599921	0.07726840090860189	6.623434762554337E-4
HOUSE5483_6339_42.022823067382	42.022823067382	0.1079263100146019	0.0029686387148609578
HOUSE2185_10592_42.5820078150236	42.5820078150236	0.1046043790279019	-0.0017072981544264398
HOUSE873_9843_43.2764729787596	43.2764729787596	0.10519924673090189	-0.0027940033500371136
HOUSE2905_2900_40.7337058824487	40.7337058824487	0.09920022480290189	-0.002635987517305316
HOUSE462_435_42.5596808495941	42.5596808495941	0.10525190910790189	-0.0010057057226556532
HOUSE2103_9483_41.8849774676835	41.8849774676835	0.1075905483991019	0.002966655432313961
HOUSE1827_8163_41.9428966652393	41.9428966652393	0.1052965555654019	5.324174747330657E-4
HOUSE4305_4260_42.5243970064912	42.5243970064912	0.11148939891310189	0.005317220123715202
HOUSE36_29_44.882100996267	44.882100996267	0.1156162200631019	0.0037351139737126365
HOUSE713_686_40.3693686719951	40.3693686719951	0.1021812854831019	0.0012272766355041487
HOUSE5825_5806_40.0143862169134	40.0143862169134	0.10102728759380189	9.328306821664439E-4
HOUSE1784_11094_42.5732728064098	42.5732728064098	0.11181102360380188	0.005520497307826264
HOUSE3087_8814_40.4371618740099	40.4371618740099	0.10453596197980189	0.003417799165711624
HOUSE2660_10543_40.7083160508117	40.7083160508117	0.1088670136833019	0.007092280116832869
HOUSE835_10734_40.8525327489481	40.8525327489481	0.1075283661123019	0.005404427281441138
HOUSE2660_9585_40.4269319906223	40.4269319906223	0.10815685141230191	0.007063459163473701
HOUSE2918_2917_42.0897086141086	42.0897086141086	0.1107263290364019	0.005606701560084512
HOUSE5866_5844_44.9606202181894	44.9606202181894	0.1134514466534019	0.0013802146908955398
HOUSE4949_10600_41.194685163471	41.194685163471	0.10097376310340189	-0.00197866109648831
HOUSE725_10396_41.7774339811007	41.7774339811007	0.10318280140840189	-0.0011806865418307888
HOUSE6019_6092_41.4425427262573	41.4425427262573	0.1023839728734019	-0.001168611827059629
HOUSE2373_10937_40.2596235706005	40.2596235706005	0.09956261169240188	-0.0011256611645413667
HOUSE807_11723_42.3072614461049	42.3072614461049	0.10509748559940191	-5.48922722671541E-4
HOUSE1224_1209_41.9666626573187	41.9666626573187	0.1093657691465019	0.004544084255394126
HOUSE1578_7762_41.336845275946	41.336845275946	0.10524421135550191	0.0019475616927888129
HOUSE2952_2943_44.7089501330568	44.7089501330568	0.1131783746155019	0.0017165347674586023
HOUSE2232_6795_44.5087836286141	44.5087836286141	0.1141036724005019	0.003126514271077449
HOUSE1668_7048_43.2351007358435	43.2351007358435	0.1081269130315019	2.338413987778981E-4
HOUSE958_10748_43.3242457127199	43.3242457127199	0.1119137128533019	0.00380478622166594
HOUSE5433_5417_40.2618114068173	40.2618114068173	0.1048650834393019	0.00417151297164918
HOUSE2077_2078_43.1925873516593	43.1925873516593	0.10877761807930189	9.87488045963228E-4
HOUSE1516_10293_42.0231567044751	42.0231567044751	0.1146691829893019	0.009710703823129316
HOUSE333_10963_43.0862141307159	43.0862141307159	0.11272572262930189	0.0051931639398072466
HOUSE4373_8909_24.0012192026443	24.0012192026443	0.060916778045601895	-4.0351267566499094E-4
HOUSE1366_1346_24.8542872060318	24.8542872060318	0.0637777401886019	3.918368058572208E-4
HOUSE4937_12018_41.1884111573454	41.1884111573454	0.10426684123260191	0.0013296088655313232
HOUSE4242_8541_43.6432828821794	43.6432828821794	0.10733474014260189	-0.0015467007717180764
HOUSE1138_8822_42.3798803450403	42.3798803450403	0.1041919193946019	-0.0016303278014040828
HOUSE135_12306_43.0450953754994	43.0450953754994	0.10431818149260189	-0.0031148125419506734
HOUSE4263_4222_41.0947422175762	41.0947422175762	0.1093892380926019	0.006678815015302056
HOUSE580_12722_43.6609969742968	43.6609969742968	0.1162061105306019	0.007281776842412796
HOUSE2008_11103_42.3977612878662	42.3977612878662	0.10837744522160189	0.0025119012406342456
HOUSE2624_8096_41.1028560530394	41.1028560530394	0.10545745433560189	0.0027273844761001587
HOUSE4941_12336_40.8887834497328	40.8887834497328	0.10566169627260191	0.0034499802584087857
HOUSE2837_2832_43.5718231252427	43.5718231252427	0.1108712268276019	0.002162818049205928
HOUSE162_145_44.3604590879672	44.3604590879672	0.11185670451460189	0.0012386983495595028
HOUSE1140_1107_40.8030925496694	40.8030925496694	0.1021251742726019	1.2094958083734564E-4
HOUSE4378_4341_42.3922882135274	42.3922882135274	0.10259286738560189	-0.003259424132951813
HOUSE4378_7726_43.216274935985	43.216274935985	0.10904749047560189	0.0012000034977890511
HOUSE1120_1090_24.8914307174234	24.8914307174234	0.059296789166201895	-0.004179053244987831
HOUSE1974_9301_40.1436816214792	40.1436816214792	0.0985806686891019	-0.0018268631751533482
HOUSE2545_8663_40.0835140282921	40.0835140282921	0.09913665706910191	-0.001125185422436975
HOUSE1393_12054_43.4485477826092	43.4485477826092	0.10249367740710189	-0.005916233352870434
HOUSE1765_1764_43.2198432716059	43.2198432716059	0.10166970351710189	-0.006186423802641103
HOUSE1959_8556_40.5048019829347	40.5048019829347	0.10071511682710191	-5.668292549857318E-4
HOUSE2456_10717_40.9113270661328	40.9113270661328	0.09818791215810191	-0.004078390804946916
HOUSE2456_10445_40.3680555319912	40.3680555319912	0.0978884417071019	-0.0030623875128371336
HOUSE5259_5234_43.5533889256362	43.5533889256362	0.10821041113710189	-4.533612043861185E-4
HOUSE2535_2552_31.247821940342	31.247821940342	0.07206722328813989	-0.006799938618364268
HOUSE1668_6685_42.6958003373412	42.6958003373412	0.10198181721013991	-0.004605396358440567
HOUSE2517_2534_40.6602605543266	40.6602605543266	0.09934697695913988	-0.00231139537751035
HOUSE1643_12216_41.5544651155837	41.5544651155837	0.0995237918881399	-0.004299800872145015
HOUSE2632_12477_42.1024910960287	42.1024910960287	0.10207681481013989	-0.0030737640749683715
HOUSE970_11059_43.1144894938916	43.1144894938916	0.1027822942391399	-0.004818730209182498
HOUSE2774_7829_41.0622668717058	41.0622668717058	0.0987741050861399	-0.0038576824247697067
HOUSE1341_7109_44.5324211338031	44.5324211338031	0.11119974528313989	1.6535147049878685E-4
HOUSE764_9043_41.2591408241393	41.2591408241393	0.10003434050983989	-0.0030741561581908022
HOUSE4459_4428_44.1033793821201	44.1033793821201	0.1046562759998399	-0.00533923923447005
HOUSE4256_4215_40.0923963970719	40.0923963970719	0.0971666288059981	-0.003116721388728122
HOUSE4256_8590_40.248824810254	40.248824810254	0.0969426842759981	-0.0037194405411506287
HOUSE1534_12265_43.1866325298324	43.1866325298324	0.1022233896019981	-0.0055523214690613165
HOUSE1215_10547_43.9997195435357	43.9997195435357	0.10637908228099811	-0.0033654317737851908
HOUSE1936_12985_44.0885660535308	44.0885660535308	0.1075921037189981	-0.002367542629160682
HOUSE1191_10690_43.5883555529077	43.5883555529077	0.1033947499989981	-0.005353690279552806
HOUSE2444_10321_41.6755947829103	41.6755947829103	0.1050430372699981	9.2614201387832E-4
HOUSE1408_1391_44.9064903729595	44.9064903729595	0.10875135667399811	-0.003188805674800177
HOUSE1869_1858_44.3060332328307	44.3060332328307	0.1080336865739981	-0.0024525332211004086
HOUSE3480_3431_43.0218825423976	43.0218825423976	0.1104523621364981	0.0030755754872576757
HOUSE2381_2396_40.1253611365211	40.1253611365211	0.10834466094349811	0.007981490168327901
HOUSE841_827_40.2386399076267	40.2386399076267	0.10474169116579811	0.004104227997825449
HOUSE6019_11779_42.1193302640464	42.1193302640464	0.1121486195117981	0.00695726638767491
HOUSE136_6945_44.7865829162104	44.7865829162104	0.1133554660877981	0.001705646783027967
HOUSE3501_3447_40.052462260044	40.052462260044	0.10518140793079811	0.004994753965144427
HOUSE3098_10960_43.8626042423593	43.8626042423593	0.11460114557279812	0.005188641511435749
HOUSE3098_8737_43.8381579634733	43.8381579634733	0.1119592571327981	0.00260594711340241
HOUSE3723_7084_40.6200652731404	40.6200652731404	0.10850269701479812	0.00694165323978678
HOUSE4208_8264_44.4879873492173	44.4879873492173	0.10877877551549811	-0.002148026654186813
HOUSE856_840_41.2145358789712	41.2145358789712	0.10340514135549811	4.0465077741322353E-4
HOUSE2642_8395_40.5815581323928	40.5815581323928	0.1038907822854981	0.002422979421140656
HOUSE1739_12109_40.9755289907741	40.9755289907741	0.0923594680554981	-0.010062292981120116
HOUSE1739_11395_42.669686130248	42.669686130248	0.09457045600649812	-0.01195352481088087
HOUSE567_11349_44.3947432516143	44.3947432516143	0.1023796460965981	-0.008321375493048677
HOUSE4132_4092_41.7134729647413	41.7134729647413	0.09418688972959811	-0.01002172348062752
HOUSE5432_7295_41.1376423635902	41.1376423635902	0.10296403243449812	1.497312555300695E-4
HOUSE5432_5414_40.5601736515369	40.5601736515369	0.10183020018449811	4.1417754661694783E-4
HOUSE2278_2290_40.0862229113544	40.0862229113544	0.09454313577199812	-0.0057252659892938484
HOUSE2400_2420_24.0147617744957	24.0147617744957	0.061375308151998105	2.2225545706654193E-5
HOUSE1439_1425_41.9608429749496	41.9608429749496	0.08717080044484057	-0.01763679270968857
HOUSE243_225_41.5502638127834	41.5502638127834	0.10150043216084056	-0.0023129875953877554
HOUSE108_10569_40.4126545753768	40.4126545753768	0.09986494584084057	-0.0011938751785110086
HOUSE1167_10057_32.9920484253899	32.9920484253899	0.07916483979084057	-0.0039257794457860234
HOUSE3408_6536_41.1666743612415	41.1666743612415	0.09353693022984058	-0.009347668817173596
HOUSE258_8534_40.238399883434	40.238399883434	0.09530788403984058	-0.005328997935296884
HOUSE2191_10833_44.9683876277413	44.9683876277413	0.11147276622884059	-6.17273682684577E-4
HOUSE2101_11964_42.9449710431297	42.9449710431297	0.10215694016884058	-0.0050336135352299916
HOUSE2586_8941_42.1099907951429	42.1099907951429	0.10372759155884057	-0.0014411470431789503
HOUSE2930_13091_42.3174033261288	42.3174033261288	0.09981080499284056	-0.005860160803789843
HOUSE1791_1797_40.7148942234926	40.7148942234926	0.09599903426754058	-0.00579162763843373
HOUSE5952_7379_42.3285089672282	42.3285089672282	0.10598335509584056	2.8549818059162013E-4
HOUSE1232_1216_41.270496783373	41.270496783373	0.10384881202984056	7.128181246808252E-4
HOUSE5265_8370_41.9148568284392	41.9148568284392	0.10241152682984056	-0.0022847158038540732
HOUSE2484_7072_42.0912120328285	42.0912120328285	0.09829823652784059	-0.006825031315635097
HOUSE622_587_42.7285470335002	42.7285470335002	0.09847210359110056	-0.008194402589486227
HOUSE722_12925_43.3945535687799	43.3945535687799	0.10449870682510057	-0.0037804627380510353
HOUSE2447_2463_44.1969281272031	44.1969281272031	0.10652067542810056	-0.003701358057440776
HOUSE3301_10549_42.4224174313713	42.4224174313713	0.10975907444784058	0.0038338282602433243
HOUSE2400_11676_44.1878043816386	44.1878043816386	0.10964590317384057	-5.540381405218092E-4
HOUSE1805_13807_43.9809055822553	43.9809055822553	0.10816263515384059	-0.0015363229118785238
HOUSE559_531_44.753845668165	44.753845668165	0.10854383554984057	-0.003026714020516852
HOUSE1246_10308_41.1764812982484	41.1764812982484	0.12612247704484056	0.0232141315518557
HOUSE5742_13534_43.9850095223792	43.9850095223792	0.09846672965284056	-0.011242165663658335
HOUSE5742_12521_44.3292255140841	44.3292255140841	0.09862872941184056	-0.011913648004473781
HOUSE3086_3062_40.0998437116504	40.0998437116504	0.09340620313364056	-0.006895179934463008
HOUSE1135_10074_44.9542859250416	44.9542859250416	0.11467880857364057	0.0026229144225110856
HOUSE2860_2856_40.0471997001361	40.0471997001361	0.09777851867684056	-0.0023953925645116697
HOUSE2385_2402_43.0196315710665	43.0196315710665	0.10385328489784057	-0.0035180512657836116
HOUSE1570_1553_42.023891749559	42.023891749559	0.10127864997484057	-0.003681609024154292
HOUSE5566_5560_41.4902331714984	41.4902331714984	0.10058129550684056	-0.0030867664910115
HOUSE4490_6607_40.6196679687127	40.6196679687127	0.09747363737784057	-0.004086444367117997
HOUSE2735_2737_43.8212061754894	43.8212061754894	0.11638890130984059	0.007076638226627213
HOUSE4665_10708_44.0510170243215	44.0510170243215	0.10841932215984057	-0.0014494032419775649
HOUSE728_12140_40.4833426268306	40.4833426268306	0.10908230409594058	0.007852319542710873
HOUSE5402_9942_44.8459137380813	44.8459137380813	0.11847871947884059	0.006685236953335699
HOUSE5402_9994_44.4409102310325	44.4409102310325	0.11787580589684057	0.007062995918871037
HOUSE361_348_41.5409579592546	41.5409579592546	0.10937569498184058	0.005584808351692033
HOUSE1997_1987_43.7387643440161	43.7387643440161	0.1149058580628406	0.005793219030992933
HOUSE1238_1224_40.3275375022521	40.3275375022521	0.10334474026284057	0.002492021105540018
HOUSE151_135_43.1438109627925	43.1438109627925	0.11394611423084058	0.006274090990892753
HOUSE1238_6302_41.8797687673941	41.8797687673941	0.10484193045384058	2.3064979606540748E-4
HOUSE679_647_40.4127648197211	40.4127648197211	0.10140510634884056	3.460183846351883E-4
HOUSE685_651_41.30977810793	41.30977810793	0.10717464502484056	0.003943535605979265
HOUSE768_10740_41.7899163800757	41.7899163800757	0.10908083487084058	0.004687122130478644
HOUSE2655_2658_43.3693091721513	43.3693091721513	0.10717823854084058	-0.0010398044238448534
HOUSE5839_12011_40.1484362383536	40.1484362383536	0.10452477223884057	0.004105727579852406
HOUSE1534_8978_40.8584818814383	40.8584818814383	0.10381604587284057	0.0016777018558190582
HOUSE2818_11510_40.2626864670281	40.2626864670281	0.10402464113284057	0.0033289518007552366
HOUSE59_45_44.4283097749576	44.4283097749576	0.11373868759784056	0.002956388272603694
HOUSE2006_1999_41.6501973250507	41.6501973250507	0.10855271137784059	0.004497313341538953
HOUSE2303_8583_43.7529835160405	43.7529835160405	0.10865823424684057	-4.888349847715912E-4
HOUSE2027_2027_41.0865034544497	41.0865034544497	0.10653210877684058	0.0038416349806782712
HOUSE1915_11183_40.1895514066665	40.1895514066665	0.10341389088784056	0.0028952902592125906
HOUSE1915_1911_40.2100391802378	40.2100391802378	0.10374226202284056	0.003174052448236056
HOUSE419_10130_42.3830290418118	42.3830290418118	0.10810747828684056	0.0022776068593635262
HOUSE4034_3995_43.1873535339027	43.1873535339027	0.11239945085984057	0.004621993954767131
HOUSE2806_11363_43.7876403064001	43.7876403064001	0.11421515670984056	0.004984169778011416
HOUSE8_6_40.4378556041047	40.4378556041047	0.10549545044884057	0.0043756078417422906
HOUSE170_149_41.0658541146972	41.0658541146972	0.10874901660884059	0.006108542973831357
HOUSE269_9846_42.0036888874083	42.0036888874083	0.09928583311644057	-0.005625506819020243
HOUSE1916_1912_40.1529644006229	40.1529644006229	0.10249521301044057	0.0020652038922538835
HOUSE5488_5476_44.9992778482433	44.9992778482433	0.11603576419544057	0.003870926928568108
HOUSE5439_9844_42.9785333446722	42.9785333446722	0.11470150190244058	0.007429680685417647
HOUSE1989_1976_41.7361682199407	41.7361682199407	0.10837520675544057	0.004111639419272825
HOUSE1664_1658_41.4786384467403	41.4786384467403	0.10456255430544056	9.225676898224899E-4
HOUSE2746_2750_40.4896833853053	40.4896833853053	0.10066148581044057	-5.838522092615622E-4
HOUSE5964_7641_30.2994205327705	30.2994205327705	0.07426577968344059	-0.002304929949781931
HOUSE5964_13321_44.0289656120427	44.0289656120427	0.10478076960344057	-0.005034560669002541
HOUSE1321_6948_41.6356176712094	41.6356176712094	0.10968535475544058	0.005665259786954133
HOUSE6019_7075_41.1980243108701	41.1980243108701	0.10289016722644057	-7.034236068576005E-5
HOUSE6019_10266_43.4611488543315	43.4611488543315	0.11452881418544059	0.006088391282011454
HOUSE1180_11218_40.0931876315735	40.0931876315735	0.10699872960544057	0.006713463521244564
HOUSE949_930_42.4491124305136	42.4491124305136	0.11679455828047858	0.010804673016034563
HOUSE2641_9609_44.9739613735196	44.9739613735196	0.12077436609047856	0.008670829951447745
HOUSE3309_9180_43.7038775205885	43.7038775205885	0.11292963578047857	0.00390147144924638
HOUSE1446_8530_43.295424528073	43.295424528073	0.10109935749380257	-0.006939781730863459
HOUSE3567_8095_44.3121061427519	44.3121061427519	0.11221452064380258	0.0017135959487717817
HOUSE1446_11197_41.7320085067685	41.7320085067685	0.10423764507480257	-1.5849962131719852E-5
HOUSE3298_6399_44.4577507429719	44.4577507429719	0.11037333531100257	-4.802521601441484E-4
HOUSE1909_11404_42.9477617633529	42.9477617633529	0.10629028869600257	-9.070224377275421E-4
HOUSE2161_11026_41.4316082694483	41.4316082694483	0.09942624183040258	-0.004099866255836665
HOUSE4776_4738_44.7294363699799	44.7294363699799	0.10751408114400257	-0.003997363929188494
HOUSE6019_10010_44.6803221348485	44.6803221348485	0.10716631462000258	-0.004226205601308736
HOUSE166_12873_40.4305099408638	40.4305099408638	0.09737434122300258	-0.0037277146485281965
HOUSE4670_8190_43.9654647232965	43.9654647232965	0.11263513102780257	0.002973561345709072
HOUSE1293_1266_40.5311908367644	40.5311908367644	0.10654172728780256	0.005195883426902373
HOUSE2175_10619_42.4363575456041	42.4363575456041	0.11025244739780257	0.004293446718948601
HOUSE245_8318_44.3883278972782	44.3883278972782	0.11778619239980258	0.007100704902504709
HOUSE5_9973_44.7635973743316	44.7635973743316	0.11359554974280257	0.0020013874620296163
HOUSE3958_10853_43.1339937006123	43.1339937006123	0.11470211152880257	0.00705385973612499
HOUSE115_12413_44.620403637206	44.620403637206	0.12268122764980256	0.011433793643066875
HOUSE1378_9212_40.5076963221654	40.5076963221654	0.10840662007780257	0.007117665663743972
HOUSE197_6279_42.8528090804996	42.8528090804996	0.11117279080580257	0.004205397408014053
HOUSE240_8883_44.8277014069115	44.8277014069115	0.12112970428580258	0.009380320966586017
HOUSE2070_6681_44.2834807273837	44.2834807273837	0.10893895637450257	-0.001492654947866462
HOUSE6019_10402_43.3905169938225	43.3905169938225	0.10552466604450257	-0.0027447293853936627
HOUSE514_8061_40.5852248499418	40.5852248499418	0.09825280901880257	-0.0032238724087704784
HOUSE4948_9345_44.9828530224628	44.9828530224628	0.10192728891480257	-0.010197777398335772
HOUSE1601_9706_42.1660196990706	42.1660196990706	0.09825929261480257	-0.007045113967849445
HOUSE5449_5437_42.2839418672923	42.2839418672923	0.10360430841780258	-0.0019856340456706617
HOUSE5242_7013_42.6550288830323	42.6550288830323	0.10337878193780257	-0.003109707927728564
HOUSE6019_11992_41.1369292852677	41.1369292852677	0.09899079099584057	-0.0038217835404615458
HOUSE3634_11570_40.7327962276501	40.7327962276501	0.09932875438980257	-0.002505255298888606
HOUSE1106_1079_32.4670720277354	32.4670720277354	0.08024651775780257	-0.0015729274461958598
HOUSE3463_3411_43.3530644352542	43.3530644352542	0.09938853067880256	-0.00879017739806176
HOUSE779_9519_44.5178350887727	44.5178350887727	0.10967753137880257	-0.001321543890444532
HOUSE1741_1733_42.6302461023442	42.6302461023442	0.10133653335780257	-0.00509194766274472
HOUSE2299_2309_41.9156727047414	41.9156727047414	0.10543209044080257	7.338722501613326E-4
HOUSE872_6967_40.30444211865	40.30444211865	0.09998168310180257	-8.151130615505625E-4
HOUSE872_6443_41.8725059868302	41.8725059868302	0.09925959264180258	-0.0053341019719166105
HOUSE4251_4207_40.1510527124628	40.1510527124628	0.10420304700860257	0.0037776668382285133
HOUSE3706_11872_42.8827020553582	42.8827020553582	0.10698112975860256	-5.864627118243315E-5
